691_692	-0.0331502	-0.0165511	0	66	-0.0116491	-0.0058545	0.0155667	-0.0203301	0.0109989	0.0422648
693_694	-0.0321472	-2.10106e-05	1	88	0.0210559	-0.0135992	0.0186906	-0.00859359	-0.0316366	0.0329206
688_689	-0.0352034	-0.0380768	0	66	0.103825	-0.0198488	0.0193778	0.0283098	-0.00350615	0.0131769
683_684	-0.0334664	-0.011476	0	78	-0.0114176	0.00746324	0.0262887	0.00750869	0.00677356	-0.0105577
684_685	-0.0346521	-0.0323708	1	75	0.00419306	0.0173592	-0.002865	-0.00872134	-0.0407931	-0.00303071
686_687	-0.0341159	-0.0247453	0	69	0.081935	-0.0095342	0.0269311	0.0078522	-0.0123125	-0.0118207
689_690	-0.0306282	0.0174968	0	59	0.0243369	-0.0098709	-0.0012961	-0.0351045	-0.000871198	-0.00518518
687_688	-0.0337702	-0.0203035	1	63	-0.0329788	-0.0213545	0.00456323	0.00617151	0.00018657	0.024318
690_691	-0.0349205	-0.0412242	0	68	-0.0223456	0.0211268	-0.00940221	0.0136709	-0.00460739	0.0185458
685_686	-0.0356526	-0.0479312	1	75	0.019077	0.00787119	0.0143975	-0.0171582	0.00350354	-0.00524592
692_693	-0.0335182	-0.0152912	1	62	-0.0233709	-0.00604267	-0.0104307	0.019727	0.0197276	0.00494607
682_683	-0.0332889	-0.0128415	0	73	-0.000117709	0.00787649	0.0279494	0.0276665	0.00231172	-0.0125925
825_826	-0.0333522	-0.00484148	1	65	-0.0100664	-0.00757269	-0.0124502	0.0259432	0.0032504	0.0209515
823_824	-0.0278431	0.051502	1	75	-0.0849748	-0.0929327	0.192983	-0.0419033	-0.0120866	-0.199667
829_830	-0.0289266	0.0405399	0	66	0.00032312	0.00342344	0.000169073	0.0306845	0.0145696	0.017314
832_833	-0.0348179	-0.0306102	1	71	0.0465238	-0.0322514	0.0310281	0.00680964	0.00593587	-0.0140054
831_832	-0.0347639	-0.0215345	1	68	0.00344356	-0.00344337	-0.000184703	0.00499919	-0.00255449	-0.00987836
827_828	-0.0337751	-0.0177631	0	71	0.0212142	0.00859638	0.00330315	0.0090861	0.0371301	0.00549696
830_831	-0.0342675	-0.0274441	1	68	-0.0203964	0.0075738	-0.00842962	0.0155123	0.00245743	-0.0237069
824_825	-0.0345961	-0.0244754	0	66	-0.0201934	-3.59427e-05	-0.0157726	0.0562522	0.00247112	0.0184361
842_843	-0.0332408	-0.006331	1	75	-0.0317277	0.021313	-0.000994816	0.0192865	0.0387454	0.00397123
843_844	-0.0348751	-0.0331022	0	62	-0.011175	0.0362431	0.0269132	0.00625552	0.0204032	-0.0397536
826_827	-0.0360741	-0.0464248	1	69	0.0359456	-0.0245567	-0.00159266	0.0199113	0.00546636	0.0328911
847_848	-0.034263	-0.0196948	1	74	0.0196494	0.00380825	-0.018384	0.0158335	-0.0193125	-0.0247328
836_837	-0.0357017	-0.0371466	0	72	-0.0279078	0.0147044	-0.00689543	0.020813	-0.0138407	0.0186554
990_991	-0.0346495	-0.02452	1	69	-0.0390424	0.0128087	0.00210885	-0.000644614	0.00379713	-0.00311147
835_836	-0.0346596	-0.0251392	1	64	-0.0340321	0.0248058	-0.00672768	0.0172272	0.0237975	0.0254312
848_849	-0.0307558	0.0167329	1	84	0.000628562	0.00332162	0.0134741	-0.00719406	0.0258892	0.0518266
989_990	-0.0337004	-0.0121434	0	61	-0.00581515	0.00592631	-0.00381594	-0.00849071	0.0259265	0.00351008
997_998	-0.0341984	-0.0186821	0	68	-0.0248827	0.000855543	0.0171601	-0.0133021	0.00717194	-0.024575
834_835	-0.0354897	-0.037049	0	64	0.0261193	-0.00380217	-0.00370872	0.0184268	-0.00420159	0.00362833
849_850	-0.0363615	-0.0469794	1	81	0.0109545	0.0314627	-0.00306205	-0.00773158	0.0117856	-0.0102203
985_986	-0.0348526	-0.0244885	1	76	0.0179763	0.000967287	-5.72872e-05	0.0358167	0.0182433	0.00197965
851_852	-0.0348256	-0.0257483	1	66	0.0152207	-0.000805505	-0.00403626	0.0183945	0.00161726	-0.0170582
845_846	-0.0288048	0.0472352	0	81	0.0416642	0.0150844	0.0187841	0.00907635	-0.0127901	0.00857145
850_851	-0.0344074	-0.027584	0	64	-0.0178653	-0.000848918	0.016169	-0.00667397	-0.0232215	0.0299798
846_847	-0.035695	-0.0444058	1	77	0.00457117	0.00810673	0.0230054	0.0153399	0.0259043	0.00846318
852_853	-0.0344764	-0.0286398	1	65	0.00797107	-0.0153182	0.00230547	0.0149297	-0.0240718	-0.00856223
999_1000	-0.0335456	-0.0139194	1	62	0.00689578	0.00838503	0.0121947	0.0283455	0.029838	0.0098675
996_997	-0.0351951	-0.0409182	1	68	-0.0278443	0.0290744	-0.00975973	0.0286662	0.00380013	0.00598209
995_996	-0.0339921	-0.0179173	1	71	-0.0567249	0.0522607	-0.0192777	0.0282064	0.0116115	0.0467878
812_813	-0.035254	-0.0327339	1	51	0.00266406	0.0352256	-0.0463926	-0.0138762	0.0228451	0.00167865
994_995	-0.0360995	-0.0510757	1	66	0.11943	-0.00803117	0.0356067	-0.00858989	-0.0219786	-0.0455114
991_992	-0.0344756	-0.0234599	1	76	-0.0603317	0.020502	-0.00618159	0.0111345	0.00754761	0.0374879
992_993	-0.0305788	0.013804	1	63	-0.0174389	-0.00315534	6.37286e-05	-0.0162997	0.0283366	-0.0345023
998_999	-0.0336286	-0.0120411	0	71	-0.0153906	-1.58633e-05	0.0235425	0.0242821	0.000765088	-0.0364188
811_812	-0.034504	-0.0257562	0	50	0.019802	-0.0138328	-0.0129283	0.00276687	-0.000117301	-0.00602045
810_811	-0.031962	0.0120117	1	77	-0.0159562	0.0267127	-0.012038	0.00665487	-0.0216293	-0.00541579
986_987	-0.0331026	-0.00657728	0	69	0.0175833	-0.0141035	0.00308738	0.00957661	0.025011	0.0179212
993_994	-0.0335636	-0.0115591	0	69	-0.0210348	-0.00152506	0.00397599	-0.0269177	-0.0208509	-0.0372239
857_858	-0.0348232	-0.0296165	1	59	0.00299579	0.0123771	2.80607e-05	-0.00530058	0.0140995	-0.0220827
1003_1004	-0.0352094	-0.0299514	1	58	-0.00415733	0.0195568	-0.0204675	-0.0115058	0.0265699	-0.0212753
1002_1003	-0.0313826	0.0186093	0	73	0.0146313	0.0111132	-0.00654884	-0.0175726	0.00619177	-0.00241137
854_855	-0.0322642	0.00130248	0	74	0.00145703	0.00803631	0.000123499	0.0212892	0.0275808	-0.0199976
855_856	-0.0363217	-0.0436696	1	22	0.0383295	-0.00369374	0.0145266	0.000739263	0.00612843	-0.0220141
1004_1005	-0.0337408	-0.0142506	1	74	0.0322342	0.0324366	0.00130026	-0.00376696	-0.00487559	-0.0266903
858_859	-0.0339971	-0.018245	1	53	-0.010535	0.0166729	-0.0297747	-0.03523	-0.0322204	0.0119572
1000_1001	-0.0329241	-0.00748518	1	73	0.0262173	-0.0386263	0.0122064	0.0698855	0.0122858	0.116265
1001_1002	-0.0344782	-0.0248547	1	57	-0.0547921	-0.00266965	0.00599171	-0.00670068	0.0176005	0.026826
987_988	-0.033451	-0.0141606	1	74	0.0179813	-0.00149809	0.0228475	-0.0326538	0.00235513	0.00958104
856_857	-0.0345703	-0.0251317	1	60	0.00847947	0.0141267	-0.0124638	-0.0184053	-0.0023511	-0.0115189
853_854	-0.032439	0.0111481	1	59	-0.0173336	0.00622964	-0.0232211	-0.0101242	-0.00223632	0.0010894
988_989	-0.0307915	0.0195835	1	81	0.00019848	-0.00213674	-0.0218196	-0.0241973	0.0254032	-0.00066626
859_860	-0.0340771	-0.0193651	1	46	-0.0130987	0.0145834	0.0148452	0.0139141	0.00465476	-0.00695818
802_803	-0.0325214	0.00312743	0	70	0.0780832	0.00444939	0.0192203	-0.00887996	-0.0199468	-0.0232021
804_805	-0.0358879	-0.037917	0	53	0.0818496	-0.00642403	0.0364153	0.0174213	-0.00692618	0.0224784
891_892	-0.0355709	-0.0377823	1	57	0.0381939	0.0036215	-0.000893681	0.00923834	-0.0247739	-0.0270597
865_866	-0.035827	-0.038623	1	66	0.110211	-0.00384994	0.0426896	-0.00330181	-0.0351623	-0.0194433
1007_1008	-0.0341785	-0.019124	1	75	0.0146925	0.0215298	-0.00317768	0.00677126	-0.0203277	-0.0133836
861_862	-0.0355742	-0.0375427	1	67	0.0152074	-0.0180769	-0.0111775	-0.0107297	-0.0133597	0.00249824
862_863	-0.0375147	-0.0685582	1	45	0.125231	0.00631413	0.0304521	-0.0189556	-0.0374426	-0.0409868
860_861	-0.0348885	-0.0279459	1	49	-0.0127787	0.0237301	-0.0106212	-0.0299159	0.000500222	-0.0154611
864_865	-0.0365537	-0.0496472	1	61	0.0201637	-0.0233191	-0.0162551	0.00975754	0.011554	-0.00349672
1006_1007	-0.0300164	0.0231142	0	73	0.0187854	-0.00481164	0.00863491	0.00531347	0.0287233	-0.00840903
803_804	-0.02989	0.03303	1	54	-0.0311665	0.0113699	-0.0343015	0.0110146	0.0173931	-0.0257972
863_864	-0.0337303	-0.00966486	0	69	0.0248241	0.00564751	0.0185329	0.0365845	0.00740856	0.00596682
890_891	-0.0349883	-0.0267186	1	65	-0.0244198	-0.00260223	-0.0108296	0.0140493	0.00342773	0.0199807
1005_1006	-0.0344395	-0.0263773	0	66	-0.0105117	-0.00177737	0.000599084	-0.0215598	0.0383429	-0.0134986
1009_1010	-0.0335045	-0.0194531	1	72	-0.00564907	0.00520513	-0.0120359	-0.0136133	0.0159599	-0.0109294
805_806	-0.031611	0.00922239	0	57	-0.0349399	0.0199397	-0.0107154	0.00242515	0.0236218	-0.0134432
1010_1011	-0.0341873	-0.02454	1	71	-0.0471928	0.0334904	-0.0339696	-0.0398123	0.00765855	-0.026595
1008_1009	-0.0363094	-0.0481474	0	71	0.0170382	-0.0305225	-0.0221569	-0.0121007	-0.0263961	-0.0117939
893_894	-0.0360788	-0.0397778	1	67	0.0494024	-0.00394623	0.0134193	0.00912361	-0.0215686	0.00825406
806_807	-0.0353408	-0.042128	0	49	-0.0305755	0.0177523	-0.01003	0.00444317	-0.0112851	0.0213145
892_893	-0.0354418	-0.0347515	1	79	-0.0258594	0.0314509	-0.0144765	-0.0148117	0.0040082	-0.0182602
1011_1012	-0.0343705	-0.0229004	1	67	0.0338068	-0.0137513	0.0223754	0.0129452	0.0435858	0.0448548
1014_1015	-0.0329168	-0.00199112	1	70	-0.0115892	-0.00628999	-0.00360901	0.0236358	0.0139718	0.00488687
808_809	-0.0360113	-0.0484999	1	40	0.000483314	-0.00524256	-0.00360879	-0.0108666	-0.0349316	-0.00376254
809_810	-0.0362655	-0.0506259	1	49	-0.000444374	0.0123739	-0.0224319	-0.0383337	-0.0258263	-0.0709325
1012_1013	-0.0342667	-0.0228679	1	70	0.00027888	-0.00062494	-0.00854037	-0.00555571	0.024453	0.0253667
807_808	-0.0346019	-0.0221357	1	35	-0.0142384	0.0152833	-0.0137241	-0.0125164	-0.0130469	-0.0522435
1021_1022	-0.035952	-0.0449792	1	75	-0.00214972	-0.0170491	-0.0123827	0.017053	-0.0183832	-0.0300692
1016_1017	-0.0366791	-0.0532273	0	68	-0.0436904	-0.0164744	-0.00786408	-0.00263716	0.0386001	0.014435
1023_1024	-0.0351576	-0.0368338	1	60	-0.014725	-0.00332995	-0.00826789	0.000936454	0.039075	0.0517833
1018_1019	-0.0351287	-0.0309476	1	68	-0.0107472	0.0348189	-0.0132414	-0.0110518	0.0192582	-0.00126386
898_899	-0.0339789	-0.0253421	1	63	-0.0197146	0.0239489	-0.0332562	-0.00488585	-0.0368	-0.00228551
1019_1020	-0.0271622	0.0433367	0	69	0.0220009	-0.00649415	-0.0017825	-0.00547948	0.0214032	-0.00987389
894_895	-0.0299193	0.0250823	0	75	0.0108432	-0.00114915	-0.0110558	-0.00526779	0.0349595	-0.0144324
899_900	-0.0334469	-0.00829965	1	91	-0.0187448	0.010799	-0.0562815	-0.0181626	-0.0163309	-0.0286263
896_897	-0.036693	-0.0476185	1	64	-0.00294515	0.0138751	-0.000995972	-0.00171192	0.025469	-0.0222428
1022_1023	-0.0309755	0.0163257	1	68	0.013126	0.00405819	-0.00558929	0.00111833	0.00325992	0.0220756
900_901	-0.0351668	-0.0278919	1	77	0.0228842	-0.0507855	-0.0123302	0.0277547	-0.06094	0.0243847
1015_1016	-0.032577	0.00723425	0	67	0.00146377	0.0222082	-0.0266282	0.0188274	0.0477235	-0.00761436
1020_1021	-0.0332019	-0.00686979	1	80	-0.017651	0.0154407	0.0203187	-0.0192687	-0.00420734	-0.0312751
901_902	-0.0335631	-0.0148562	0	21	0.00527544	-0.0051867	-0.0212376	-0.00360623	-0.00695156	-0.00616097
1031_1032	-0.0339184	-0.019569	1	72	0.00751714	0.00404004	-0.0250753	-0.0229105	0.00819802	0.0256939
1032_1033	-0.0355708	-0.0351399	0	59	-0.0249064	0.0299098	-0.00140123	-0.00820282	0.011668	-0.00412105
1025_1026	-0.0360879	-0.04976	1	57	-0.00212663	0.0149687	0.0135305	-0.0419698	0.0354889	0.0158796
1028_1029	-0.0344777	-0.0254768	1	72	0.0006267	0.00174883	0.00467758	-0.0167051	-0.0356234	-0.016615
904_905	-0.0325869	-0.00371394	1	66	-0.0051816	0.013554	-0.0194141	0.00852669	-0.0475695	-0.000785659
1029_1030	-0.0286763	0.035033	1	72	-0.00130694	0.0100401	-0.030809	-0.0261941	0.0534334	-0.0195094
905_906	-0.0327499	-0.00593805	1	56	0.0117112	-0.00203848	0.00913374	-0.0372081	0.0194387	0.0293109
903_904	-0.0311794	0.0150357	1	66	0.0131128	-0.0411307	0.0511219	-0.028076	0.0371005	-0.0423226
1024_1025	-0.0360465	-0.045383	1	70	0.0931516	-0.0142781	0.0283577	0.0287986	0.00932535	0.0231465
1026_1027	-0.0369404	-0.0569279	1	75	-0.00703958	0.0233888	-0.0105955	-0.0204184	0.0440324	0.00808372
1027_1028	-0.031757	0.00737885	1	70	0.0213562	0.00328044	-0.00786836	0.0180689	0.0163589	-0.00901817
1030_1031	-0.0353562	-0.0390601	0	60	0.0758858	0.000597831	0.0310961	0.00740078	-0.0190098	0.0732789
1033_1034	-0.0323931	-0.00277486	1	61	0.0280606	-0.0183966	0.0235888	-0.0367679	-0.00457308	-0.0247542
902_903	-0.0366405	-0.0513573	0	80	0.0239811	-0.0104243	0.00509313	0.00417235	0.0194434	-0.0236462
912_913	-0.0332598	-0.00274602	0	73	-0.0157754	0.0137182	0.00379915	0.0221129	0.044458	0.0282051
1036_1037	-0.0311541	0.0190016	1	78	0.0843179	-0.00031144	0.0354136	0.0062643	-0.0218348	-0.011204
907_908	-0.0281122	0.0418036	1	71	-0.0188873	0.0135966	0.012727	-0.00984203	0.00276469	-0.024109
1039_1040	-0.0332789	-0.0087029	1	75	-0.0105961	0.0179996	-0.00594188	0.0470769	0.020971	0.0359027
911_912	-0.0351208	-0.0324567	1	65	0.0041315	-0.0196184	-0.0138091	0.00631775	0.01379	-0.00214246
906_907	-0.0334778	-0.0071494	0	71	-0.00134863	-0.00722227	-0.0109634	-0.0263516	-0.0592341	0.00322882
909_910	-0.0334533	-0.0157087	1	63	-0.0297523	0.0183741	-0.0165233	-0.00821239	-0.0234337	-0.0286994
1038_1039	-0.034662	-0.0308517	1	61	0.0185123	0.0220684	-0.00746176	0.00386334	-0.0194635	0.00946796
1037_1038	-0.0329422	-0.00809219	0	58	0.0851849	-0.0186958	0.0362532	0.0196994	-0.0417846	0.0146096
908_909	-0.0350615	-0.0309404	1	63	0.0146787	0.00844162	-0.0515752	-0.05244	-0.0706312	0.0304036
910_911	-0.0341821	-0.0235609	1	42	0.0424381	-0.0146778	0.0133687	-0.0217772	-0.0324714	0.0349598
1035_1036	-0.034993	-0.0293065	1	70	-0.0076871	-0.0031126	-0.0386261	-0.0476425	-0.00428046	-0.00732604
1040_1041	-0.0335586	-0.0209562	1	72	-0.043029	-0.0026687	-0.00143814	-0.0225619	-0.0252956	-0.0166203
1034_1035	-0.0336092	-0.015116	1	64	-0.0410101	0.0479588	0.00560003	0.0613846	0.0301293	-0.0341663
871_872	-0.0340406	-0.0160426	0	85	0.0197617	0.000452033	0.0150158	-0.00041185	-0.00705279	0.0134924
1042_1043	-0.0319549	0.0051128	1	57	0.0138277	0.000115019	-0.0215377	0.00282495	0.0102594	-0.006504
868_869	-0.0335997	-0.0138957	1	87	0.0250911	-0.00402309	-0.0179125	-0.0143324	0.00318043	0.0232449
872_873	-0.0335646	-0.0172431	1	81	0.0191322	0.00948951	-0.0286904	0.0186078	-0.0113191	0.0437533
915_916	-0.0346237	-0.0239259	1	73	0.0160038	-0.0238877	-0.0131416	-0.00644808	0.0386246	-0.020844
869_870	-0.0342823	-0.0183766	1	85	0.0189135	0.00924312	0.000429797	0.0207473	0.00456059	0.0322026
914_915	-0.0336013	-0.0167937	1	87	0.017928	0.00664815	-0.0102889	-0.0305764	-0.0303501	-0.00200392
917_918	-0.0287106	0.0382095	0	86	0.0341968	0.0013396	0.0181181	-0.0145296	0.00586747	-0.0115598
916_917	-0.0318512	0.0086177	1	72	-0.000424461	0.0208593	-0.0192214	-0.0073061	0.00708567	-0.00249365
867_868	-0.0338803	-0.0211522	1	72	0.00197055	-0.00167706	0.0392923	-0.0234737	-0.0177667	-0.00244152
870_871	-0.0294448	0.0333119	1	71	-0.0139065	-0.112392	-0.070379	0.030971	-0.0608451	-0.0239912
694_695	-0.0331789	-0.0086793	0	24	0.00572436	0.00298991	-0.020836	0.0108302	0.00149266	0.0304043
1041_1042	-0.0320852	0.00267398	1	72	-0.000575758	0.00753822	-0.0169123	0.00522998	0.00807785	-0.00784283
662_663	-0.0303396	0.0315851	0	81	0.0350453	0.0273936	0.00289047	0.00757126	-0.0031537	-0.0157027
695_696	-0.0318634	0.0126042	1	72	-0.0312527	-0.0598939	-0.0698818	-0.0230932	-0.16721	0.00904305
699_700	-0.0362327	-0.0478633	1	65	-0.00889952	0.00294847	0.0286474	-0.0462276	-0.0444587	-0.00716527
701_702	-0.0342033	-0.0209782	1	73	-0.0155443	0.0172531	-0.0725514	0.00719124	-0.00718153	0.0221694
661_662	-0.0344592	-0.018377	0	78	-0.0107112	0.0167365	-0.00207328	-0.00529036	0.0458505	0.00468226
664_665	-0.0327722	-0.0108145	1	56	-0.0220668	0.00873028	0.0170899	0.00808691	0.00363586	-0.00815279
704_705	-0.0341003	-0.0188093	1	88	-0.0122277	0.0214745	0.00965882	-0.00612109	0.026442	-0.00195082
696_697	-0.0291554	0.0338088	1	81	0.00038419	-0.0107041	-0.00393165	-0.0236329	0.0856813	0.0262489
663_664	-0.0325912	0.00321725	1	89	0.025624	0.00742562	0.00995771	0.00382507	0.00287306	-9.46512e-05
702_703	-0.0378005	-0.0735413	1	84	-0.0251782	-0.0280338	-0.00303831	0.0144563	-0.00416928	0.0571095
700_701	-0.0361557	-0.0489762	1	71	-0.0450217	0.0180556	-0.0325573	-0.00647924	0.00585373	-0.010944
697_698	-0.0355706	-0.0320207	1	85	-0.00342141	-0.00256975	-0.013351	0.015014	0.00722979	-0.0352443
883_884	-0.0337	-0.0185002	1	74	-0.0144198	0.0248448	0.0264671	-0.00769352	0.00624243	0.0251186
918_919	-0.0155913	0.0909182	0	75	0.0526401	0.00829246	0.0378252	0.00924282	-0.0102857	-0.0182746
880_881	-0.032887	-0.0151763	1	81	0.0226419	0.0216288	-0.00127883	-0.0137698	-0.0129954	9.59013e-05
877_878	-0.0319964	0.000671715	1	66	0.0203816	-0.0176341	0.011157	0.00799192	0.0427006	0.0161769
873_874	-0.0284799	0.041645	0	71	0.0564761	0.0115914	-0.000459155	0.0028303	-0.00814861	-0.00250277
878_879	-0.0297607	0.0319866	0	85	0.0139086	0.0165704	0.00616351	-0.0162356	0.0443657	-0.0143041
884_885	-0.0317665	0.00507873	1	87	0.00792378	-0.0234017	-0.018247	0.0271547	-0.00597658	0.0366882
876_877	-0.0328008	-0.00520113	1	76	-0.0366897	-0.00139841	-0.0372503	-0.0218548	-0.00989787	-0.00167031
875_876	-0.0299348	0.0213325	0	77	-0.0263624	0.00464807	0.010168	-0.0121357	0.00406243	-0.0344983
881_882	-0.0327112	-0.00944743	0	76	-0.041881	0.00285055	-0.00410491	0.0275243	0.0339681	-0.0144101
885_886	-0.0304093	0.0233336	1	87	0.00762342	0.0186646	0.00836995	-0.0267656	0.0100337	-0.00230592
879_880	-0.0209353	0.0894348	0	83	0.00139271	0.0251722	-0.0279202	-0.00258951	0.0270832	0.0197016
882_883	-0.0331936	-0.0117761	0	79	0.000595648	0.00350023	-0.00422158	0.0132263	-0.0262687	-0.00421777
874_875	-0.03197	0.00129068	1	66	-0.0359317	0.00079568	-0.00492776	0.00925417	-0.0226414	-0.0114883
378_379	-0.0349712	-0.0359923	1	22	-0.0196334	-0.0932245	0.0147103	0.00598459	0.045132	-0.0511774
886_887	-0.0330445	-0.0126336	1	70	-0.00228628	-0.0139461	-0.00548688	-0.0278571	0.00971936	0.00020059
376_377	-0.0316259	0.0140268	0	79	-0.00768576	-0.00507907	-0.0138141	-0.0117493	-0.0318277	-0.00412457
888_889	-0.0324036	-0.00151703	0	83	0.00661152	-0.0102064	-0.00337702	-0.0299636	-2.20198e-05	0.027234
887_888	-0.0325648	0.001537	0	68	-0.0129659	0.033786	0.0154628	0.0195152	0.00971491	-0.00217312
379_380	-0.034065	-0.0221596	1	51	0.00723928	0.0197813	-0.0041914	0.00198597	0.000773088	0.0249838
377_378	-0.0332121	-0.0123059	1	38	-0.0137218	-0.0128697	-0.027134	-0.0377464	0.00182945	0.0040166
372_373	-0.0337342	-0.0160427	1	49	-0.00925956	0.00839459	-0.0159706	-0.0112743	0.000128809	0.000470141
370_371	-0.0347962	-0.0344875	1	26	-0.0191057	-0.00808652	-0.00465721	0.0249633	-0.0317369	0.0423829
371_372	-0.0350761	-0.030464	1	41	0.00458712	-0.00632574	0.00865631	-0.03458	0.088234	0.0246415
374_375	-0.0337502	-0.0201666	1	50	-0.00539806	0.0206855	-0.0263586	0.0279452	0.0308672	-0.0125025
373_374	-0.0335023	-0.0132008	1	78	0.00194012	0.0261286	-0.0533804	-0.0796095	0.000596029	-0.0143049
889_890	-0.0329253	-0.0120393	1	81	0.0115245	0.00313063	-0.022739	0.0126672	0.00506762	0.0302379
301_302	-0.035544	-0.0423554	1	88	-0.0215848	-0.00329539	-0.00216854	0.0247676	-0.00335627	-0.00762715
380_381	-0.034749	-0.0291292	0	79	-0.0263143	-0.0275067	-0.000534133	0.0386417	0.000618495	0.0386538
303_304	-0.0349063	-0.034768	0	85	0.0169194	0.0161803	-0.0039509	0.00330975	0.0254349	-0.00444167
294_295	-0.0341587	-0.0277178	1	54	-0.0329356	0.0170039	0.0196654	0.0213226	-0.0139167	0.00513334
296_297	-0.02972	0.0301191	1	80	-0.0483546	0.0110736	0.00875243	0.0294801	-0.0132343	-0.0315175
299_300	-0.0327676	-0.00496262	1	95	0.0047627	-0.000807654	-0.0175099	-0.0320672	0.00537255	0.00388839
302_303	-0.0338731	-0.0155207	1	83	-0.0196097	0.0284484	-0.0115443	0.0231261	-0.0173759	0.00653053
305_306	-0.0319181	0.0115493	0	74	-0.0103408	0.0107874	-0.0260563	-0.0372818	-0.0275199	0.0130547
298_299	-0.033839	-0.0141153	0	74	0.0896726	-0.00157525	0.0368117	-0.00622073	-0.0192867	-0.0193707
304_305	-0.0348799	-0.0318212	1	68	0.0279948	-0.000402887	-0.00761789	0.0270464	0.0142368	-0.0289268
293_294	-0.0348108	-0.0275639	1	86	0.0101041	0.0109839	0.0248878	0.026663	0.00049668	-0.0169731
297_298	-0.0314694	0.00966564	0	82	0.000617799	-0.0236636	-0.0117785	-0.013809	-0.00144828	0.00729664
295_296	-0.0302087	0.0215977	0	87	-0.0513676	0.0320312	-0.0312497	0.0283479	-0.00559254	0.0111385
309_310	-0.0343701	-0.0224814	0	75	-0.00703396	0.00827966	0.00778869	0.00360973	-0.017268	-0.0127046
314_315	-0.0343806	-0.0229738	1	80	-0.0253336	0.0362773	0.0106463	-0.0124005	0.0289784	0.0386703
315_316	-0.0373883	-0.0648652	0	80	0.0123367	-0.00657847	0.0239808	0.00575111	0.0444104	-0.0116969
311_312	-0.0334741	-0.0127351	1	88	0.00845214	-0.0174807	-0.0100037	0.00212378	0.0104478	0.00371094
316_317	-0.032213	0.00771832	1	76	0.0320404	-0.00919808	0.0281747	0.0194751	-0.00999422	-0.00189089
308_309	-0.0319319	0.00916043	1	79	-0.0241933	0.00280223	0.0153234	-0.00706097	-0.0102482	-0.0209566
306_307	-0.0330848	-0.00431433	1	80	-0.002419	-0.0162072	0.0102324	0.0141222	0.0196009	-0.0288449
317_318	-0.0348593	-0.0316441	1	66	0.113599	-0.00445018	0.0418527	-0.013687	-0.0334239	-0.0425011
292_293	-0.0339739	-0.0170335	1	76	-0.0141102	0.0417565	0.0154862	-0.00220625	-0.0278847	0.013763
313_314	-0.0355704	-0.0375602	1	33	-0.0137107	0.00655261	0.00135787	-0.0527878	0.0217266	-0.00513033
307_308	-0.0311689	0.0134286	1	91	0.207999	-0.00528026	0.0936548	-0.00615748	-0.0465176	-0.04438
318_319	-0.0352086	-0.0284675	1	88	-0.00315338	-0.0225342	0.00380277	-0.00395143	0.044065	0.0350558
312_313	-0.0252235	0.07013	1	84	-0.0162202	-0.00435498	-0.0179938	-0.0251339	0.0227258	-0.00598459
310_311	-0.0337164	-0.0126498	1	80	-0.00393766	-0.00502824	-0.016629	-0.00706631	-0.00771737	0.0132088
320_321	-0.0320116	0.00404039	1	89	0.0196917	0.0149599	-0.00593786	0.00752285	0.0179738	-0.00874521
1047_1048	-0.034039	-0.0266258	1	71	-0.00826217	0.0107311	0.011355	0.0107128	0.029769	0.013144
1045_1046	-0.0337714	-0.014653	1	67	0.0208357	-0.0347433	0.000233915	0.0113798	0.025624	0.0111185
325_326	-0.0337982	-0.0186563	1	66	0.01089	0.0213186	-0.00118118	0.00840413	0.00628365	0.0198142
322_323	-0.0266571	0.0458509	0	90	-0.0294191	0.00828018	0.00983544	-0.000630009	-0.02825	0.0180212
1043_1044	-0.0337987	-0.0224421	0	71	0.013284	0.0216981	0.0135209	-0.00274402	-0.00541442	-0.0200409
1046_1047	-0.0329981	-0.0139507	1	62	0.00992099	-0.0282403	0.00417233	0.0141721	-0.0340915	0.00578317
326_327	-0.0354796	-0.0445428	0	66	0.00564322	0.0135828	-0.000481169	-0.0183084	0.0160071	0.0111636
323_324	-0.0364347	-0.0541032	1	77	0.003721	0.0346912	-0.0154447	-0.0145803	0.00125063	0.0326986
1048_1049	-0.0360949	-0.0484948	1	64	-0.0105927	-0.00322869	-0.0243806	-0.0255664	-0.0113485	-0.0135912
324_325	-0.0358465	-0.0525849	1	97	0.0241529	-0.019263	0.00915326	0.012636	0.0101835	0.0300298
321_322	-0.0340118	-0.0192025	0	76	0.034613	-0.00224792	-0.0218961	-0.0149118	-0.0375313	0.00878177
319_320	-0.0352908	-0.0425302	1	84	-0.0378118	0.00669865	0.00136619	-0.023079	-0.0217919	-0.0286151
1044_1045	-0.0359372	-0.0477945	1	65	0.0310903	-0.0292503	-0.00184067	-0.0226174	-0.00757804	0.0338112
1052_1053	-0.0349925	-0.0352878	0	75	0.00514259	0.0234406	0.0117903	-0.000578852	0.00200612	0.00729546
332_333	-0.0362018	-0.0489099	1	62	-0.00228323	0.0113611	-0.0222206	-0.0368628	-0.0326809	0.0137719
1055_1056	-0.0343711	-0.0284946	1	71	0.00764389	-0.0296002	-0.0220928	0.0184962	0.0326615	0.0405865
331_332	-0.0356872	-0.0409346	1	24	-0.0228436	0.0135701	-0.0200047	-0.0055821	0.020625	0.0211093
1054_1055	-0.0339681	-0.0260949	1	75	-0.0508317	0.0145416	-0.00208644	-0.0116994	-0.00806499	-0.0245417
327_328	-0.0361203	-0.052698	1	23	-0.00052061	0.0140237	0.002232	-0.00277117	0.00410723	-0.0234485
1051_1052	-0.0354535	-0.0401531	1	63	0.00826683	-0.00760997	-0.0161617	0.0216352	-0.00425339	0.00896301
1057_1058	-0.0336929	-0.015759	0	71	0.0161506	-0.0104229	0.0068135	0.0104458	-0.0297432	-0.00879872
333_334	-0.0331494	-0.00305185	0	51	-0.010544	-0.0215342	-0.0193912	0.00326087	-0.00610895	-0.0207835
1053_1054	-0.0338475	-0.017544	1	62	-0.0286618	0.0074092	-0.00842186	0.00654467	-0.0147286	-0.0297955
1049_1050	-0.0321578	0.00349641	1	61	0.111654	0.0164298	0.0329738	-0.0363907	-0.00268168	-0.0352393
1056_1057	-0.0348603	-0.0317688	0	68	-0.0152221	0.00124225	0.00992935	0.0243092	0.031107	0.000446972
1050_1051	-0.033325	-0.0114302	0	57	0.0263982	0.00212504	-0.0154946	-0.0121316	0.0222754	0.0147982
330_331	-0.0341853	-0.0290003	1	63	-0.0123297	0.032039	0.00552929	0.0224235	0.00497317	-0.0227459
334_335	-0.0339101	-0.0217221	1	60	0.121467	0.0124711	0.0359246	-0.0479126	0.00413332	-0.052792
1065_1066	-0.035073	-0.0357052	1	65	0.0332028	-0.0147085	0.00963901	-0.014527	-0.0081721	0.0178501
924_925	-0.0342342	-0.021084	1	39	0.0580014	-0.0152602	-0.00561933	-0.000161527	-0.0218375	-0.00457147
1064_1065	-0.0345387	-0.0280531	0	70	0.128043	-0.0348597	0.0482594	-0.0453458	-0.0815402	-0.0618124
922_923	-0.0342263	-0.0182909	0	36	0.0386508	-0.00786954	0.0183405	0.0330255	0.0265671	0.0189639
1058_1059	-0.0357206	-0.0438716	0	60	0.00149344	0.0135515	-0.0157575	-0.0132718	0.0257557	-0.000153423
1063_1064	-0.0350906	-0.0354969	0	77	0.000449449	-0.00552352	-0.0149307	0.0115882	0.00389151	-0.00812523
920_921	-0.0353053	-0.0321306	0	41	-0.0109425	0.0163906	0.00668104	-0.0125844	0.0212387	-0.0229384
921_922	-0.0309856	0.013544	1	76	-0.0338989	-0.00409173	0.0218449	0.0097811	-0.0282057	0.0405067
1059_1060	-0.0314995	0.0124435	0	70	-0.0536826	0.0282268	-0.0398119	-0.0177897	-0.0153588	-0.00412642
1060_1061	-0.0346977	-0.0279022	1	59	0.00475815	-0.00184423	-0.00677456	-0.0177964	0.00250999	-1.24614e-05
1061_1062	-0.0338314	-0.0224333	1	62	0.00186829	0.011952	-0.0195083	-0.0190668	-0.00397581	-0.00153947
923_924	-0.0367381	-0.052485	1	38	0.0165297	0.0261568	-0.00647337	-0.0109206	-0.0256708	-0.00857102
759_760	-0.0279178	0.0429461	1	71	0.0153777	0.0367973	-0.0211766	-0.0164844	0.0102214	-0.00878893
753_754	-0.0330498	-0.0123294	1	88	-0.00332964	0.0133191	-0.0147561	0.0033705	0.0368	0.0224735
755_756	-0.0348863	-0.0282174	1	66	0.0236937	-0.0292237	0.0150689	0.00630697	0.0355357	-0.017789
754_755	-0.0352907	-0.0336807	0	78	-0.0129599	-0.00808282	0.013068	0.0107006	-0.0169624	0.00702402
1062_1063	-0.0331049	-0.00408	1	59	0.0212532	-0.00092233	0.0184587	0.0156998	-0.00900319	-0.00350659
770_771	-0.0324009	0.00298214	1	55	0.0136337	0.00101226	0.013733	0.0034585	0.030427	0.0148099
757_758	-0.0259343	0.0650908	1	88	-0.000653706	-0.00139966	0.00119143	-0.041793	-0.0204145	-0.0375455
756_757	-0.0310928	0.0168594	0	66	-0.0240283	0.00977281	-0.00996125	0.00312829	0.0219833	0.0167394
760_761	-0.0309004	0.0148816	1	55	-0.0104571	0.00562373	0.00511897	-0.00369497	0.016614	-0.031786
769_770	-0.0302737	0.0269651	1	62	-0.0228724	0.0200085	-0.00434296	0.00816236	0.00804638	0.00594574
762_763	-0.0336213	-0.0146466	1	32	-0.00433156	0.012533	-0.00412199	-0.0126347	-0.0128559	0.0116615
761_762	-0.030159	0.0272631	1	69	-0.0436902	0.0244915	-0.021823	0.0169188	0.0177248	-0.0221996
758_759	-0.0318426	0.00547519	0	75	-0.00149218	0.0261531	-0.0100561	-0.0232919	0.00578607	-0.0304701
291_292	-0.0352363	-0.0363765	1	67	0.00669775	0.00863529	0.00270589	0.0182136	-0.0110806	-0.00215846
771_772	-0.0323415	-0.00104177	0	66	-0.0273753	0.0155503	-0.0128238	0.00726198	-0.00123898	0.00270235
764_765	-0.0354815	-0.0404488	1	65	-0.00150114	0.00477813	-0.00796909	0.0100287	-0.00109978	0.0215974
766_767	-0.034538	-0.0327886	0	41	-0.0077401	0.0102962	-0.0192663	0.0208365	0.0299718	0.00885065
772_773	-0.0360603	-0.0488309	1	52	-0.0339607	0.040935	-0.0340625	-0.00826619	-0.0147185	0.00282271
773_774	-0.0360613	-0.0521652	1	61	0.037479	0.00701326	0.00515939	0.00183653	-0.00898406	9.41013e-05
765_766	-0.0356115	-0.0446654	0	72	0.0261334	0.00163426	0.00959475	-0.0132994	0.0161356	0.01044
767_768	-0.0351402	-0.035402	1	47	0.00602003	0.0262306	0.0394787	-0.0116259	0.0202673	-0.0192017
774_775	-0.0349056	-0.0380114	0	71	0.0101367	0.031761	0.0222949	0.00339666	-0.116866	-0.0216887
776_777	-0.025091	0.0650228	0	74	-0.00667217	-0.00179881	0.00164032	0.0182002	0.0288502	-0.0024332
786_787	-0.0341263	-0.0216477	1	76	-0.145118	-0.0563023	0.191761	0.153512	-0.217927	0.073805
787_788	-0.0314797	0.00571036	1	62	-0.00132424	-0.0177384	-0.0123179	0.011114	0.00296066	-0.00855508
782_783	-0.0331233	-0.0127165	1	73	-0.00513545	-0.021418	-0.00140896	0.029347	0.00661342	0.00543
790_791	-0.0344753	-0.0260485	0	76	-0.0404579	-0.0241651	0.00963344	0.00664522	-0.0116448	0.020473
788_789	-0.0338884	-0.0205818	0	73	0.0146949	0.0151504	0.00651675	0.0250469	0.0231338	-0.00930096
783_784	-0.0348582	-0.0363021	1	79	-0.0211014	0.00181492	-0.0325118	-0.0386588	-0.0319584	-0.0251033
791_792	-0.0346115	-0.0334343	0	40	-0.015603	-0.0123816	-0.00132323	-0.038291	-0.00534549	-0.0317864
781_782	-0.034879	-0.0392967	1	76	0.00808657	-0.00920677	-0.00427574	-0.00645251	-0.0199872	0.018319
784_785	-0.0317923	0.00646663	1	60	0.00105242	0.00132789	-0.0274154	0.000983113	0.00658242	0.00895219
779_780	-0.031987	0.00187987	0	52	0.0433628	-0.0314283	-0.0520038	0.0073346	0.0371234	-0.0595103
780_781	-0.0323953	-0.00149992	1	60	-0.00804568	0.00700985	-0.0258245	-0.00337684	-0.0105901	0.00569712
789_790	-0.0341544	-0.0277306	0	61	-0.0109822	0.00391142	-0.0230567	-0.021339	-0.0423405	0.0164541
669_670	-0.0196909	0.096763	0	64	0.0248482	-0.00357192	0.00233001	0.0154862	0.0114778	0.00216964
668_669	-0.0337501	-0.0174737	1	69	0.0345609	-0.00120792	-0.00877253	0.00728421	0.0171129	-0.00967933
707_708	-0.0325847	0.00770086	0	71	-0.0479961	0.0128865	0.135107	-0.0386764	0.0466285	-0.241623
705_706	-0.0335823	-0.0224217	1	88	-0.0161771	0.0440367	0.0292925	0.0175847	0.0149046	0.0315086
711_712	-0.0357106	-0.0425558	1	22	0.103394	-0.0111548	0.0349991	-0.0122137	-0.0216644	-0.03304
709_710	-0.0354962	-0.03967	0	24	0.0394705	-0.00648507	0.013558	0.0116511	-0.00693837	0.00839429
667_668	-0.035035	-0.0275449	0	76	-0.0258021	-0.0113659	-0.00126877	0.0458223	0.00393111	-0.00399935
665_666	-0.0340106	-0.0117947	1	53	-0.0042087	-0.00609481	0.0015532	-0.0043013	0.00538974	0.00155905
666_667	-0.0356954	-0.0349345	1	63	-0.00210366	0.00138504	-0.017357	0.00068022	0.019431	0.0237935
708_709	-0.0313083	0.0110801	1	63	-0.00693568	0.0172923	-0.0224558	-0.0302949	0.00488043	-0.00508054
670_671	-0.0304602	0.025561	0	83	-0.0116648	-0.0104243	-0.000839901	-0.00221595	0.000743751	0.0217028
706_707	-0.0348205	-0.0287689	1	88	-0.00803539	0.0483467	-0.0259557	0.00660002	-0.0483734	-0.0235952
446_447	-0.0326324	-0.00288433	1	72	-0.0301846	0.0223195	0.0122809	-0.0249588	0.00820579	-0.0230647
793_794	-0.0375255	-0.0829219	1	78	-0.00920625	-0.0186144	0.0181702	0.000363409	0.0242349	-0.0157502
458_459	-0.0346975	-0.0285304	1	84	0.0349551	-0.0226161	-0.00990091	-0.0141422	0.0361213	0.0354201
405_406	-0.032728	-0.00323689	1	70	-0.0183609	-0.016004	-0.00411691	-0.000579249	0.0317506	-0.0085967
457_458	-0.0344547	-0.0309511	0	73	-0.0601773	0.0466138	-0.185373	-0.244275	-0.184755	-0.0302724
454_455	-0.0342923	-0.0265424	0	79	0.0196829	0.0110164	-0.00161043	-0.0297969	-0.0193639	-0.00157353
406_407	-0.0344991	-0.0306039	1	59	-0.0540528	0.000765581	0.00926658	0.0162698	-0.0235498	0.0208454
456_457	-0.0345862	-0.0324232	0	76	-0.00224535	0.00430134	-0.00527703	-0.00801646	-0.0186869	0.0571683
445_446	-0.0332277	-0.0158833	1	83	0.0163054	0.0155954	-0.00751721	-0.00485122	-0.0158423	0.00957079
453_454	-0.0327687	-0.00533003	1	85	0.0255773	0.00406913	-0.0209727	-0.00765466	0.00101321	-0.017687
455_456	-0.0330817	-0.0111301	1	80	0.00705263	0.000297967	-0.0251017	0.0171037	0.0316612	-0.000699643
443_444	-0.035971	-0.0541811	1	29	-0.0376161	-0.0786186	-0.0373157	0.0469747	0.0552718	0.0096006
459_460	-0.0318279	0.000248075	1	87	0.0142034	0.000291517	0.0163587	-0.0163665	-0.0109383	0.00754648
431_432	-0.0353499	-0.0448983	1	78	-0.0204062	-0.00885921	-0.0267346	0.024538	0.0565316	0.000878687
433_434	-0.0368855	-0.0734244	0	80	0.0276699	-0.0344728	-0.00216171	0.015129	-0.0115345	-0.00368867
451_452	-0.0301007	0.0295911	0	89	-0.0601715	0.00713495	0.016106	0.0219562	0.0136743	0.0394465
447_448	-0.0294002	0.0316698	0	66	0.0597207	-0.00297059	0.0334541	0.0212736	-0.00359409	0.0714669
461_462	-0.0311415	0.00923711	1	61	0.0169727	0.0045249	-0.00508878	-0.00630112	-0.00822627	-0.00237378
463_464	-0.0316089	0.00781423	1	86	-0.0632633	-0.0609733	0.102069	0.0127051	-0.0730522	-0.106774
450_451	-0.0328762	-0.00871262	0	84	-0.00868522	0.0119542	0.00349881	0.00490235	0.00327523	-0.0186132
460_461	-0.0322058	-0.00232136	1	58	0.0182452	0.0201277	0.00167479	-0.0092156	-0.00773257	-0.047712
448_449	-0.0332729	-0.00971404	1	82	0.00229169	0.0235787	0.00465571	-0.0286456	0.0423948	0.0129523
462_463	-0.0348673	-0.0370518	1	83	-0.0161299	0.0290183	0.0168999	0.0560048	-0.0357681	0.00588858
452_453	-0.0301675	0.017528	0	77	0.0213977	0.0185874	-0.00160272	-0.00755169	-0.00302895	0.00742344
449_450	-0.0357216	-0.0482347	1	85	-0.00291493	-0.00612513	-0.0494541	0.0168285	0.00733318	-0.0077652
432_433	-0.0309196	0.0184055	0	78	-0.00156945	0.00321556	-0.0260453	-0.047757	0.0340683	0.0356806
464_465	-0.0362422	-0.0533891	1	76	0.00690681	-0.00570122	-0.0230548	0.00857205	-0.0080404	0.0154948
363_364	-0.0340436	-0.0266052	1	66	0.11236	-0.0120473	0.0312081	-0.00390928	-0.0228415	-0.0311802
366_367	-0.0349223	-0.0370744	0	35	-0.0248288	-0.00459563	-0.00918509	0.0014846	0.0145175	0.0233448
364_365	-0.0366097	-0.0531024	1	42	0.00478361	0.0151062	-0.00123527	-0.0208129	0.00138861	-0.0353159
437_438	-0.0340841	-0.0256054	1	21	0.0370609	0.000270552	-0.00107067	-0.00759791	-0.0106294	-0.011155
367_368	-0.0350802	-0.0357938	1	65	0.012116	0.00817577	-0.0122505	-0.00919254	0.00434128	0.0296504
438_439	-0.0341926	-0.0286519	1	32	-0.00989102	0.0224255	-0.0127695	0.0162157	0.00934138	-0.0188467
361_362	-0.0367255	-0.0595746	1	56	-0.0419198	-0.0738321	0.0869881	-0.179454	0.0793535	0.0270499
435_436	-0.0328701	-0.0120494	0	67	-0.000669214	-0.0154976	-0.0214503	0.00749049	0.0103438	-0.00968215
360_361	-0.0353632	-0.0427362	1	46	-0.0170844	1.6973e-05	0.00495383	0.0204118	-0.00321798	-0.00942348
439_440	-0.0346856	-0.0322801	0	71	-0.0250787	-0.00715154	-0.0203481	-0.0196913	0.0134278	0.0273971
436_437	-0.034856	-0.0287426	0	45	-0.0275431	-0.0213601	-0.00444514	-0.00735755	-0.0175319	0.00598168
365_366	-0.0333015	-0.0142633	1	67	0.000583603	0.0222835	-0.030969	0.00765732	0.0220928	0.00475731
434_435	-0.0353138	-0.0361328	1	78	-0.0142399	-0.0129978	-0.0263338	-0.00582283	0.0297001	0.00608896
426_427	-0.0323644	0.0014089	1	63	-0.0212602	-0.0180511	0.00937342	-0.000890707	-0.0393422	-0.016236
359_360	-0.0352672	-0.042107	0	58	-0.0960598	-0.0731972	0.124985	0.111404	-0.100488	0.021572
441_442	-0.0320297	-0.00227332	0	70	0.00356419	0.0206554	-0.0135549	0.00530297	0.00647011	0.0365282
424_425	-0.0340432	-0.025131	1	78	-0.0286234	0.0268567	-0.0181183	0.00409811	-0.0356387	0.0109856
425_426	-0.034834	-0.0352711	1	50	-0.0109476	-0.0057911	0.0356388	-0.0030222	0.0410287	0.0376699
357_358	-0.0342792	-0.0283698	1	39	-0.0195556	0.000840132	-0.0109551	0.0111767	-0.000490313	-0.00922012
358_359	-0.0315432	0.011006	1	52	-0.153424	-0.0395036	0.189331	0.185705	-0.207993	0.0628748
356_357	-0.0345771	-0.030668	0	28	-0.0281204	0.00534799	0.020759	0.0417239	-0.0152493	-0.0224819
423_424	-0.0346715	-0.032957	0	59	-0.0440432	-0.0821713	0.0532991	-0.085882	0.12182	0.0753744
422_423	-0.0337927	-0.0190985	1	53	-0.00525465	0.00838006	-0.00218686	0.00119491	-0.0471605	-0.0134442
428_429	-0.0345486	-0.0332654	0	75	-0.0121252	0.0130743	0.0212194	-0.0214986	-0.0293099	0.0136447
429_430	-0.0267418	0.0569971	0	87	0.0552939	-0.00797829	0.0141418	0.033857	-0.0287878	0.0309438
427_428	-0.034438	-0.028215	0	67	0.133462	-0.00714552	0.0479512	-0.0236946	-0.0524025	-0.0461256
398_399	-0.0234588	0.0753127	1	55	-0.0023605	0.0106605	-0.0159718	0.00720528	-0.025363	0.0192123
394_395	-0.0304061	0.0171009	0	37	-0.000979481	-0.0209965	-0.00817583	0.0538423	-0.0167246	0.0078144
399_400	-0.027796	0.0426332	1	49	0.0131181	0.00772832	-0.00804545	0.0100792	0.0145983	0.0242409
415_416	-0.0316449	0.00836274	0	80	-0.0269257	0.0309317	-0.0417019	-0.0278848	0.0152909	-0.0271783
418_419	-0.0226712	0.085921	0	76	0.00120747	-0.00563423	-0.00561685	-0.0509282	-0.00985108	0.00166487
1072_1073	-0.0312301	0.0111257	1	59	0.0517018	-0.00939792	0.0071333	0.00328112	-0.00993001	-0.0140912
368_369	-0.0307164	0.010331	1	36	0.0744075	-0.0131719	0.00868204	0.038342	-0.0278642	0.0100755
419_420	-0.032201	0.00446886	1	72	0.0115552	-0.00357534	-0.000681388	0.00803416	0.0314204	0.00811351
1073_1074	-0.0288096	0.0418404	0	68	-0.0182552	0.0110564	-0.0310678	0.0325939	-0.0103908	-0.00388107
416_417	-0.0318672	-0.00366467	0	63	0.114643	0.00929756	0.0556239	-0.00787015	-0.0292955	-0.0697182
442_443	-0.032635	-0.00968632	0	58	-0.00403593	0.0131897	0.00106011	-0.0154177	-0.00793383	0.00648357
396_397	-0.0298532	0.029335	1	57	-0.0117583	-0.00274409	-0.00175047	0.0101327	-0.0137947	0.00635274
395_396	-0.0306402	0.0180391	0	66	-0.0391654	0.0185699	0.00275674	0.0240982	-0.00554468	-0.0388385
417_418	-0.0326798	0.00113699	0	78	-0.0103769	-0.0153469	0.00555452	0.0184074	0.00764179	0.00659058
347_348	-0.0285332	0.0378875	1	49	0.00300146	-0.0127806	-0.000358394	-0.0198312	0.039517	0.0225789
402_403	-0.0295993	0.0249918	0	66	-0.0383126	0.00342425	0.0316426	0.0462823	0.0173361	0.0172142
1071_1072	-0.0263033	0.0566017	1	73	-0.0156766	0.005383	-0.00490365	-0.0342914	0.020895	0.0198413
390_391	-0.0318122	-0.00649646	1	78	0.0119159	-0.0200065	-0.0237482	0.00342835	-0.0068159	0.0106701
412_413	-0.0331123	-0.0105195	0	85	-0.0463858	0.0108868	-0.00645531	0.0234144	0.0375454	0.00994894
414_415	-0.029789	0.0209489	1	22	0.00874224	0.0107148	-0.00641947	-0.0122234	-0.0270062	0.00156742
403_404	-0.0297008	0.0309672	1	65	0.0238042	-0.00429332	0.00998029	0.0168496	-0.00256409	-0.0196838
388_389	-0.0247239	0.0663065	1	62	0.0105252	0.0156281	-0.0137263	0.00741199	-0.0293028	0.0202242
387_388	-0.0305527	0.0170325	0	65	-0.0262608	0.00910881	-0.00190727	0.0173691	0.000938492	-0.0200408
400_401	-0.0310503	0.00634444	0	46	-0.0104936	0.0287467	-0.00894205	-0.00899518	0.0156878	-0.0301268
413_414	-0.0320683	-0.00455821	1	24	0.0177597	0.0128278	-0.00289958	-0.011772	-0.0101504	0.00958124
389_390	-0.0224785	0.0819106	0	81	0.0342091	0.0311573	-0.000421684	-0.0135398	0.0168772	0.00503773
410_411	-0.0289963	0.0333478	0	61	0.00452336	0.00565703	-0.0155395	0.0155809	-0.0336051	-0.011998
1070_1071	-0.0319959	0.000372678	1	71	0.0348506	0.010408	0.0139078	0.0188007	-0.0298297	-0.0137961
498_499	-0.0282357	0.0373225	0	71	-0.0376356	0.00932934	-0.0298959	0.0353646	-0.00924209	-0.0278199
335_336	-0.033368	-0.016771	0	71	-0.0054507	0.00674735	-0.0159012	0.000523207	0.0167604	0.0203023
494_495	-0.0310593	0.00832209	1	24	-0.0353208	-0.0081372	0.00427658	0.00278258	0.00634005	-0.0198087
411_412	-0.0317162	0.000433803	1	49	0.0644687	-0.000792363	0.0160275	0.0338424	-0.025175	0.0131323
404_405	-0.0299992	0.0182121	1	64	0.00207188	-0.000701881	0.0229349	0.00196922	0.0398349	0.0253945
1066_1067	-0.0136827	0.09993	1	71	-0.0224418	-0.00499742	0.0119763	-0.018173	0.00317817	0.0251697
497_498	-0.0307804	0.00920743	1	31	-0.00435128	0.0312471	0.00348466	0.00310793	-0.0161434	-0.0432933
342_343	-0.0101082	0.0960279	0	80	-0.0315403	0.00468255	0.0100998	-0.00302197	-0.00864405	-0.0263764
328_329	-0.0317936	0.00518093	0	65	-0.0397543	0.00719886	-0.018993	-0.0213098	0.00440287	0.0311333
329_330	-0.0308466	0.0142229	0	42	-0.0477005	0.053382	-0.00289235	0.0670309	-0.0110653	-0.0326321
409_410	-0.030813	0.0117882	1	65	0.0203713	-0.0115159	-0.0204488	-0.00558496	0.00959803	0.0160432
489_490	-0.0291298	0.0335196	0	52	0.0166112	0.0165047	0.0198039	0.008035	0.0222498	-0.013057
337_338	-0.0317792	0.000452936	1	42	-0.0229831	-0.00094771	0.0389377	0.00175997	0.0231456	-0.0291982
420_421	-0.0271051	0.0477239	1	75	-0.0129027	-0.0146042	0.00120316	-0.00843696	0.0573153	0.0208683
488_489	-0.0323471	-0.0039219	0	56	-0.0051376	-0.018322	0.0146683	0.02225	-0.0432559	0.0120712
340_341	-0.0296486	0.0246003	1	78	-0.0214024	-0.000591597	-0.00780022	0.0455536	-0.00636767	0.0060126
336_337	-0.0208407	0.0914192	0	57	-0.0737952	-0.123502	0.178047	-0.0854426	0.0155871	-0.163649
338_339	-0.0257871	0.0628356	0	69	-0.0174071	0.00801055	-0.0151584	0.0175817	-0.0596124	0.00484619
486_487	-0.031123	0.00672084	1	36	0.0118687	0.0197046	0.00600291	0.00254	-0.0777741	-0.00590081
490_491	-0.0315945	0.0068832	0	64	0.0501878	0.00554859	0.00433148	0.00361916	0.00879122	-0.0202811
487_488	-0.0286509	0.0334027	0	67	-0.0171057	-0.0144144	0.00394787	-0.000268051	0.0151368	0.01468
339_340	-0.0321904	-0.00420636	0	80	-0.0305268	0.00610175	0.0180033	-0.000431585	0.0108754	0.00799773
421_422	-0.0266088	0.060827	0	61	0.00986004	0.0119859	-0.00757517	0.00784252	0.000407241	0.0326857
408_409	-0.0260812	0.0654975	1	74	-0.00779352	0.00191253	-0.0040146	-0.0176094	-0.00613654	-0.0112771
496_497	-0.0235144	0.0820516	0	33	0.0490602	-0.209448	-0.186407	0.141142	0.0718698	-0.188002
554_555	-0.0249489	0.0635655	0	80	-4.62456e-05	0.0315368	0.0128294	0.0180214	0.00356734	-0.0062471
485_486	-0.0310184	0.0101215	1	48	-0.0074499	-0.00564709	0.013517	0.00597935	0.0150841	0.0210277
752_753	-0.0292263	0.0352249	0	54	-0.0385907	0.0117379	0.0169162	0.0168396	-0.048738	0.00221147
552_553	-0.0316011	0.00182921	0	29	-0.00386828	0.0259931	0.0172334	-0.0118138	0.013456	0.00230499
393_394	-0.029284	0.0251899	0	56	-0.0187855	0.0145708	-0.0181271	0.010358	0.00614368	-0.0108832
348_349	-0.031377	0.000876516	1	31	-0.0226383	-0.00419274	-0.0164139	-0.0271687	-0.0432676	0.013156
559_560	-0.0248642	0.0710984	0	77	-0.000805052	0.0140085	-0.0201712	0.0129334	-0.0127087	0.00162611
558_559	-0.0311609	0.0121671	1	80	0.00540907	-0.0028119	0.0260254	0.0122221	0.0152428	0.0284259
866_867	-0.0294218	0.0305941	1	67	0.0389584	-0.0197334	0.0273983	0.0216114	-0.00581591	0.0211026
391_392	-0.0321866	-0.00466961	1	43	0.0337024	-0.025599	0.0090211	0.00125202	-0.0258395	-0.0132727
553_554	-0.0310855	0.0120581	0	36	-0.00833742	0.00553751	-0.0198964	-0.0123856	-0.0214727	0.0116212
515_516	-0.0310464	0.00762495	0	37	-0.0514577	0.0174792	-0.0256839	0.0188073	0.0369762	0.0109414
516_517	-0.0312052	0.00845566	1	34	-0.0351576	-0.0702898	0.0498674	-0.032846	0.0974637	0.0837243
392_393	-0.0307777	0.0129567	1	56	-0.0164224	-0.012218	-0.0191509	-0.0412861	-0.0293566	-0.0124251
502_503	-0.0294639	0.0243751	1	66	-0.0127258	0.0096519	-0.00381368	0.0327183	0.0377246	0.00819278
98_98	-0.0302819	0.0162882	1	28	0.00471547	-0.0039543	0.00824054	0.00630404	0.0356337	-0.00227011
563_564	-0.0247868	0.0715466	0	75	-0.0340533	0.00880738	0.00923591	-0.0162962	-0.01327	-0.00806738
561_562	-0.0272402	0.0516196	0	56	-0.0210282	0.0136183	-0.0125111	-0.0335722	0.0119507	-0.01946
503_504	-0.0298224	0.0245091	0	49	-0.0175332	-0.0176138	0.0193702	0.0462929	-0.032975	0.0350806
562_563	-0.0298685	0.0159095	1	71	-0.0141058	0.00222919	0.0073074	0.0117615	-0.0259035	-0.0152576
517_518	-0.0308748	0.00911874	0	68	-0.00258067	0.0362435	0.0276559	-0.00243226	0.0113635	0.0180562
407_408	-0.0296582	0.0186637	0	65	0.000306995	-0.00574137	0.00482386	0.00617639	0.00290984	0.0102538
492_493	-0.0268396	0.0548242	1	79	-0.0120447	0.015691	0.00230578	-0.0074232	-0.00154205	-0.0226146
493_494	-0.031667	-0.00268751	0	73	-0.00798904	-0.00586487	0.000384155	0.00531922	0.00509164	-0.00807584
751_752	-0.0292602	0.0230249	1	75	0.0105738	0.0193698	0.0117549	0.00334375	-1.92035e-05	-0.0121302
680_681	-0.0335728	-0.0121684	0	77	0.0100159	-0.00618357	0.000782474	0.0122913	0.0321506	-0.0383351
677_678	-0.026018	0.0689717	1	76	0.0227119	0.00898005	-0.0356466	0.0130421	-0.0107528	0.016086
681_682	-0.0248248	0.0671751	1	68	-0.00178748	-0.0102784	0.00432224	0.00461027	0.0163514	0.00153286
716_717	-0.03222	0.00472826	0	65	0.0104838	-0.0115671	-0.00933391	-0.0140623	-0.00871982	-0.00569523
676_677	-0.0352656	-0.0368776	1	88	0.000991794	0.00304886	-0.0186349	0.0154191	0.00795546	-0.0191622
675_676	-0.032357	-0.00343451	1	73	-0.0360045	0.0194705	0.0208704	0.035658	0.0123037	-0.0297027
673_674	-0.0335488	-0.0128277	0	91	-0.0138194	0.0418649	0.00715279	-0.0181868	0.0155821	-0.0114263
671_672	-0.0334998	-0.0137118	1	81	-0.0108716	0.0294996	-0.0213061	0.010413	0.00979299	0.0087544
715_716	-0.0336123	-0.00837982	1	76	-0.0196568	0.000968322	0.000308854	-0.0185686	0.0286806	0.00910106
679_680	-0.0309064	0.0221047	1	85	0.0120544	-0.00116523	0.00494648	0.00573655	0.00739095	-0.0184963
719_720	-0.0291038	0.0368624	1	88	0.012858	-0.00497397	0.00935469	-0.00800837	0.011852	0.0119941
678_679	-0.0309744	0.0204255	0	83	0.00943944	0.00959966	0.0143263	0.0182577	0.0157238	0.00871609
674_675	-0.0297773	0.0386404	1	83	0.00251836	-0.00351375	0.00371395	-0.00545147	-0.00533649	-0.0181678
672_673	-0.0294818	0.028717	0	85	-0.0275634	-0.00750229	0.00103513	0.0235779	0.00106612	-0.027149
102_102	-0.0285309	0.0356393	1	23	-0.0130618	-0.00723368	-0.0568169	-0.0107714	-0.0344768	-0.00318627
482_483	-0.0321299	-0.00309855	0	23	0.00355927	-0.00567444	-0.0236837	-0.0280228	0.0129758	-0.00139629
479_480	-0.0175054	0.105767	0	86	0.0185545	0.0021984	-0.0130451	-0.0126152	0.00821084	0.0056017
484_485	-0.0294656	0.0249898	1	60	0.0117559	-0.0155871	-0.00299451	0.0192501	0.0234048	0.0224645
369_370	-0.0306652	0.0137666	1	54	0.00513039	0.0124479	-0.00428144	0.0370335	0.0092436	-1.32839e-05
481_482	-0.0279733	0.0482167	1	68	0.0303603	0.0185011	0.0114883	-0.0021472	0.00129508	0.0161765
383_384	-0.0300519	0.037279	0	81	0.0265796	0.00171992	-0.0227862	-0.0208639	0.0322657	-0.0132863
478_479	-0.0308456	0.0170526	0	68	0.0211969	0.0186135	0.0239255	0.0223722	0.00099499	-0.0125416
483_484	-0.0276911	0.0462923	0	71	-0.0122035	0.0564676	0.0471502	0.0531075	-0.0101782	0.0237372
382_383	-0.0268806	0.0540575	1	63	-0.0122435	0.0126966	0.0196317	-0.0227735	0.0643581	0.00672387
99_99	-0.0300085	0.0191821	1	43	0.020125	-0.124124	-0.0875018	0.046741	0.0408955	-0.0918247
480_481	-0.0290229	0.0317664	0	69	-0.0175029	0.00617597	0.00363956	0.0144117	0.0372758	-0.01818
101_101	-0.030354	0.0142851	1	71	-0.00971832	0.0238865	-0.0165917	-0.00891289	0.00408043	0.024153
381_382	-0.0270162	0.0510288	1	77	-0.00131629	-0.00229673	-0.00740745	-0.00861338	0.0582588	0.0294837
539_540	-0.0308231	0.0191057	0	62	-0.00721724	0.0166697	0.0233312	-0.0150011	-0.0213923	0.0249507
531_532	-0.0330535	-0.00776795	0	65	0.0203835	0.0006818	-0.00801526	-0.0103421	-0.0329622	0.0247752
105_105	-0.0349863	-0.0313534	1	31	-0.0128576	0.00669445	0.0182094	-0.0241368	0.0386154	-0.0180059
505_506	-0.0352653	-0.0279985	0	54	0.0119194	0.0118218	-0.00376488	-0.050013	0.0214761	-0.0061301
530_531	-0.0343071	-0.0377005	0	78	0.00107419	0.00608677	0.00013718	0.000239026	-0.0100967	-0.0149787
529_530	-0.0296235	0.0280819	0	78	-0.0646799	0.0384414	0.0148775	-0.0111246	-0.00774267	-0.0239236
532_533	-0.0246364	0.0780507	0	79	0.0232734	0.0159324	0.017654	0.000347732	-0.00617076	0.00679865
527_528	-0.0256293	0.061263	0	65	0.09418	-0.0573992	0.0372381	0.0833415	-0.1289	0.291473
104_104	-0.0323967	-0.0042519	1	57	0.0250348	-0.0102839	0.00928551	-0.00336455	0.0233564	-0.00657103
533_534	-0.0292791	0.0386618	0	33	-0.0213957	-0.0196409	0.0355795	0.00875993	0.0371412	0.00728634
540_541	-0.033793	-0.0209745	1	53	0.0931507	-0.0100817	0.018245	-0.00926565	-0.0149509	-0.015804
538_539	-0.027573	0.0436764	1	60	-0.0112802	0.0011251	-0.0148153	0.00963884	-0.00614167	-0.0356402
528_529	-0.032201	0.0053623	0	68	-0.0378018	0.041617	-0.0290611	-0.000908184	0.0462472	-0.00957576
537_538	-0.0272084	0.0553448	1	53	0.00935564	0.000970931	0.0279656	0.0365976	0.0198436	0.0125484
546_547	-0.0336053	-0.0118569	1	73	-0.0227909	-0.00767907	-0.0151844	0.00648818	0.0172773	0.00772098
542_543	-0.0341236	-0.0232454	0	58	-0.0356149	-0.00106713	-0.0130377	-0.00673935	0.00589357	0.023846
544_545	-0.0193326	0.10494	0	68	-0.0364602	0.00558365	-0.0117331	-0.0361989	0.0462809	0.00447487
545_546	-0.0280881	0.0481848	1	67	0.0287344	0.00131756	-0.000169469	0.0111243	0.0366699	-0.00937684
543_544	-0.0347996	-0.0404604	1	72	-0.0195606	-0.0967372	0.0858747	-0.0782693	0.0826387	0.022851
534_535	-0.0288799	0.0433187	0	88	-0.0727304	0.0307838	0.0164647	0.0216555	-0.00501965	-0.0267414
541_542	-0.0309989	0.0123835	1	58	-0.0422198	-0.0480322	0.0262504	0.0151648	-0.0200437	-0.0325427
506_507	-0.0342816	-0.0215475	1	41	-0.0323302	0.0200968	0.0140954	0.0280287	-0.00939932	-0.0234763
524_525	-0.0329727	0.00121799	0	74	0.0147825	0.0106394	0.0350498	0.00185934	0.00285014	-0.0170064
507_508	-0.0342291	-0.0201244	0	66	0.0118357	0.0122194	-0.0216734	-0.0155232	0.0162641	0.0161335
521_522	-0.0322728	0.00200027	1	57	0.0811931	-0.0105941	0.0521253	0.0238585	-0.0197445	0.0333804
535_536	-0.0325193	0.00131628	1	82	-0.0103786	0.0092414	-0.00782187	0.0276122	0.0280312	0.0134831
536_537	-0.0351429	-0.0251507	0	67	0.00316671	0.00702158	-0.0352363	-0.0587191	-0.098885	-0.0195837
512_513	-0.032762	0.00674161	1	79	0.0182279	-0.0128503	0.00869989	0.00325553	0.00849522	0.0235367
549_550	-0.0330874	-0.00954273	1	60	0.00916	0.0107895	-0.00752522	-0.00150263	0.0409802	0.0173131
510_511	-0.0334514	-0.0102046	0	84	0.00781627	0.013331	-0.00218908	-0.0157131	-0.00868133	0.0245689
514_515	-0.0360507	-0.0399582	0	90	0.00851001	0.00777602	0.00363874	0.00199316	0.0114832	-0.0035598
511_512	-0.0346372	-0.0276492	0	89	-0.0261296	0.0118211	-0.00450456	0.0313712	0.0187296	0.0409433
550_551	-0.0308388	0.015828	1	82	-0.0286227	0.00505086	0.0433299	-0.0243743	-0.0220325	-0.017408
509_510	-0.0351611	-0.0340651	1	80	-0.0154433	0.00490368	-0.0276621	-0.00885914	0.00327471	0.0248296
551_552	-0.0311602	0.01547	1	72	-0.0263523	-0.204146	0.116985	-0.228622	0.00580205	0.161405
547_548	-0.0319703	0.00373691	0	73	-0.0490045	0.000736262	0.0226018	0.0153883	-0.00122661	0.00807104
1068_1069	-0.028411	0.0500351	1	72	0.0280537	-0.0316935	0.0215541	7.89243e-05	0.0249004	0.0337816
555_556	-0.0187357	0.101189	0	77	-0.0121658	-0.00143482	-0.00167162	0.000735212	-0.0206464	0.0104317
513_514	-0.0314998	0.0100208	0	82	0.00959962	0.00720592	0.0198574	0.0150866	-0.0186021	-0.0272814
112_112	-0.0331277	-0.00852337	1	81	-0.00312263	0.0330805	-0.00184618	-0.0108619	-0.00200395	0.0109859
472_473	-0.0296507	0.0332571	0	77	-0.0129971	0.0152543	-0.0179106	0.000420107	-0.0109094	0.000498547
469_470	-0.0276187	0.0493832	0	78	0.00931865	-0.00181889	0.0208259	-0.0108145	-0.0134938	0.00706074
599_600	-0.0311685	0.0113696	1	71	0.024427	-0.000269137	0.0131221	0.0351931	-0.0087993	0.0135231
600_601	-0.0322861	0.00369704	0	39	0.00423441	-0.00870059	-0.00775587	0.0166972	-0.00617961	0.00391811
468_469	-0.0287731	0.0372384	1	76	-0.0138499	0.00695338	-0.0104302	0.000337917	-0.0115868	-0.00702982
567_568	-0.0320755	-0.000564098	0	68	0.00487043	0.00226928	0.00549543	0.0153593	0.0248602	0.00228379
471_472	-0.032364	0.00104773	1	65	0.0269069	0.0043079	-0.0176408	-0.0199772	0.0103372	0.0072699
466_467	-0.0326137	-0.000666946	1	85	0.0244354	-0.0218825	-0.0151262	-0.0256691	-0.0161983	-0.0263734
467_468	-0.0311512	0.009774	1	74	-0.00788604	0.0148207	-0.0101772	-0.0383816	-0.0219391	0.00663245
525_526	-0.0298219	0.0328585	1	78	-0.00355655	0.0369374	0.0231281	0.0227549	-0.00365582	0.0020505
566_567	-0.0263759	0.0563259	0	58	-0.00595599	0.0249169	-0.00211213	-0.00316818	-0.0047344	0.0026001
570_571	-0.0286808	0.0365039	0	59	0.00122639	0.000787613	-0.0139503	-0.0169829	0.0461649	-0.0014052
569_570	-0.0291725	0.0305759	0	69	-0.0895702	-0.0979218	0.201224	-0.0406894	0.0237707	-0.211236
572_573	-0.0262764	0.0537837	0	86	-0.00786464	0.00663283	0.0186601	-0.0181936	0.00455639	0.01094
116_116	-0.0299585	0.0249054	1	77	-0.00840805	0.00397375	-0.0185829	0.0128294	0.0241828	-0.0251712
110_110	-0.0282307	0.0467861	1	84	-0.0307931	0.00549067	-0.00801481	-0.00866233	-0.00587827	-0.0154274
117_117	-0.0334364	-0.0169416	0	91	0.0388713	0.0153242	-0.00781529	0.00342794	0.0161523	-0.0029929
473_474	-0.0329891	-0.0131721	1	72	-0.00484921	0.0258557	-0.0605429	-0.0149615	-0.0383392	-0.0106575
107_107	-0.0261749	0.058031	0	85	0.0226129	0.00135383	1.00187e-05	-0.00446472	0.0199703	-0.023336
114_114	-0.0322292	0.00320104	1	72	0.00333936	0.00602408	-0.0165768	0.00954743	-0.00159541	-0.0135333
111_111	-0.029473	0.031532	1	69	-0.0252558	0.00210421	-0.0111064	0.00656745	0.0294271	0.015134
108_108	-0.0284556	0.0430233	1	67	0.0362223	0.0193979	-0.000725001	-0.00126658	-0.00244393	-0.0285595
474_475	-0.0274705	0.0509105	1	79	0.021381	0.00364001	-0.0183595	0.0216679	0.0176889	0.00784535
109_109	-0.0329462	-0.00882828	0	84	0.0175075	0.0101281	0.00684417	0.0289091	-0.00831219	-0.0194495
571_572	-0.0334139	-0.0108506	1	84	-0.0143757	0.0115512	-0.00563277	0.0422976	-0.0192122	-0.0156597
106_106	-0.0347497	-0.0364606	0	80	-0.0256265	-0.0358193	0.00267549	-0.047667	0.0232689	0.0265511
604_605	-0.0310935	0.0149901	1	81	-0.0324069	0.0148499	0.014123	0.0214495	-0.0240993	-0.0149112
605_606	-0.0345857	-0.0283858	1	41	-0.0181707	-0.0140952	0.0145869	0.0402864	-0.0201089	0.0122911
575_576	-0.0342672	-0.0252453	0	50	0.0129148	0.00813729	-0.024613	-0.0134982	-0.00807499	0.0137839
606_607	-0.0309002	0.0133889	1	71	-0.034832	0.00436338	-0.0322129	0.00698998	0.00508414	0.0103375
1075_1076	-0.0357189	-0.0385552	1	57	0.0404348	0.0473594	0.0270042	0.0203259	-0.0460728	0.0355733
602_603	-0.0259514	0.0573545	0	70	-0.016902	0.0480473	-0.0207291	0.00306393	0.069632	0.00113709
574_575	-0.0323539	-0.00215274	1	24	-0.00268894	0.0218849	-0.000640301	0.0189607	0.000785522	0.00407684
603_604	-0.0326695	-0.00381011	0	87	0.0809945	-0.00946723	0.0183015	-0.0199136	-0.0301293	-0.0301875
621_622	-0.0328683	-0.00782174	0	91	-0.0100197	-0.0041315	0.00150176	-0.00131426	0.00755136	-0.0127984
573_574	-0.034122	-0.0209648	1	26	0.0257826	-0.00501016	0.0249163	0.0156666	0.0204373	-0.000721416
548_549	-0.0327421	-0.00383642	1	40	0.0135663	0.00983568	0.0148692	0.0231282	0.0351743	-0.0133574
1074_1075	-0.0334127	-0.0103332	1	69	-0.0150257	-0.00854244	-0.00671435	0.0250976	0.0208037	0.0249685
1076_1077	-0.0324679	-6.44624e-05	0	73	0.00032602	0.0118916	0.0175252	0.00947908	0.0122527	-0.0240929
608_609	-0.0330543	-0.0114998	0	67	-0.00362768	0.0044214	0.00659039	0.0157284	-0.00523754	0.00749874
612_613	-0.0300616	0.0240675	0	83	0.0169826	-0.0111853	0.0043394	-0.00305616	-0.00201309	-0.0250649
616_617	-0.0343845	-0.0283292	1	53	0.0593634	5.10598e-05	0.0166356	-0.0039106	-0.0179138	-0.0111643
619_620	-0.0338336	-0.0186826	1	22	0.0064268	-0.00884478	-0.00718018	-0.00444888	-0.0214486	-0.0153681
617_618	-0.0337731	-0.0125521	1	62	0.00527633	0.0046805	-0.013576	-0.0161014	0.00200432	0.0179912
620_621	-0.033359	-0.00810269	1	35	0.0565723	0.0062101	0.0026155	0.0159353	0.0262679	0.0173304
609_610	-0.0337879	-0.0214818	0	62	-0.0041176	0.0101705	0.0218991	-0.00441038	-0.000117782	0.017536
610_611	-0.0315432	0.00684765	0	63	-0.00216581	0.0186213	0.0104976	0.00916843	0.00912369	-0.0266698
614_615	-0.0334587	-0.0184984	1	67	-0.0298824	0.00353878	0.0266122	0.00374734	0.0111784	0.000343254
607_608	-0.0319296	0.00320059	1	77	-0.0202611	-0.0375082	-0.0106131	-0.0153649	-0.0303769	-0.0033748
613_614	-0.0322756	-0.002554	1	78	0.0223596	0.0052649	0.0324208	0.0147128	-0.0135767	0.0270787
611_612	-0.0319399	0.0088276	1	76	0.0257938	-0.0261062	0.0202987	0.0107121	-0.0147714	0.0473715
615_616	-0.0308767	0.00968802	1	58	-0.0298062	-0.00601186	-0.00708489	-0.00190189	0.0331299	-0.0259861
618_619	-0.0352057	-0.0307345	1	30	0.0421694	-0.0136984	-0.00955623	-0.0139217	-0.00459662	0.0127634
577_578	-0.031284	0.00870663	0	72	0.00882796	-0.00501751	-0.00103197	0.0132055	-0.00247495	0.0173008
637_638	-0.0307719	0.0269212	0	87	-0.00803167	0.00419521	-0.00910754	-0.0488136	0.0100075	-0.0341378
508_509	-0.0322657	-0.00209546	0	79	0.0953292	0.00365908	0.0348657	0.000390106	-0.0311672	-0.0398228
578_579	-0.0310796	0.00797218	1	22	-0.0182181	-0.0100966	0.0365248	-0.0318754	0.0454309	-0.00417875
499_500	-0.0344471	-0.0370443	1	77	-0.00205201	0.0114935	0.0143971	-0.00742893	0.0255062	-0.0411042
504_505	-0.0161225	0.10452	1	85	0.00280607	0.0271426	-0.0189914	-0.0289774	-0.00386668	0.0136637
636_637	-0.0318816	0.00855693	0	75	-0.0232377	0.0102631	-0.0108507	-0.0430029	0.0508181	0.0253161
576_577	-0.0307017	0.0149123	1	70	-0.00677726	0.000432115	-0.015383	0.0215679	-0.0118465	0.0112289
623_624	-0.0303757	0.0180975	1	74	-0.00762302	0.0173227	-0.0155805	-0.0139441	-0.00513118	-0.00720676
622_623	-0.0277008	0.0480346	0	86	0.016656	-0.0036129	0.0086922	0.0143202	-0.0332107	0.0064809
638_639	-0.0333479	-0.0125685	1	68	-0.0121013	0.0128612	-0.00366392	-0.00748652	-0.00135872	0.0251253
470_471	-0.0255687	0.0672451	0	83	-0.00930726	-0.209627	-0.0638947	-0.0147065	-0.0735625	0.00385763
970_971	-0.0340509	-0.0253015	1	58	0.0211598	-0.00230239	0.00511531	0.0114806	0.00415149	-0.0119379
739_740	-0.0263517	0.0557925	0	80	-0.0224068	0.0470337	-0.0616955	-0.0459409	-0.0196975	-0.0113258
722_723	-0.0325335	-0.000638694	1	81	-0.00347122	0.0373409	-0.00192182	0.0377779	0.0252386	0.0117127
718_719	-0.030845	0.0279295	1	80	0.0296683	-0.00796514	-0.0217405	-0.00422816	-0.00738647	0.00560422
743_744	-0.0330706	-0.00918615	1	60	-0.012702	-0.0108197	-0.0116884	-0.00581063	0.0127309	0.0114321
971_972	-0.0345289	-0.0284102	1	62	0.00776717	0.0324993	0.0144673	-0.0260669	0.0184215	-0.00206916
721_722	-0.0306358	0.0244545	0	81	-0.00756348	0.0207487	-0.00980886	-0.0260854	0.00230829	-0.0810068
720_721	-0.0272379	0.0493857	0	78	-0.00760809	-0.0221306	-0.000352099	0.03489	0.0420276	-0.021524
717_718	-0.0361326	-0.039347	1	76	0.00830443	-0.0130348	-0.0187215	-0.00382413	-0.020065	-0.00410603
968_969	-0.032843	-0.00328165	0	60	0.00144144	-0.00366538	-0.0118478	-0.019234	0.00997244	-0.0213558
737_738	-0.032653	-0.000998884	1	94	-0.0363922	0.014284	-0.000898838	0.00664092	0.0563972	0.0463608
740_741	-0.034391	-0.0209936	1	84	0.00789891	-0.00654325	-0.00138382	-0.0103441	-0.0148112	0.021162
738_739	-0.0269164	0.0505898	1	96	-0.038771	0.00236179	-0.00295008	0.0175944	0.0222401	-0.00397734
736_737	-0.0324404	-0.000451475	1	87	0.0495938	-0.00894896	0.0355512	0.0105802	-0.0231731	0.00188071
639_640	-0.0326957	0.000710696	0	79	-0.0179961	-0.0216248	-0.0151708	0.0256777	-0.00709824	-0.0179673
526_527	-0.0343429	-0.0207367	1	66	-0.0243693	0.00157427	0.00463289	0.00679776	-0.000211982	0.00959072
645_646	-0.0284007	0.0410914	0	86	0.00383628	0.0243555	-0.00444481	0.0176225	0.0371425	0.0386472
579_580	-0.0337915	-0.0156322	1	34	-0.00191388	0.00801917	0.00988745	-0.0114016	-0.000556193	0.0401833
650_651	-0.0348282	-0.0319462	1	80	-0.00162791	-0.0224049	-0.0136484	-0.00784787	-0.00855052	-0.0321832
640_641	-0.0322894	0.00205266	1	83	-0.00944925	0.0195791	-0.0173744	-0.0269757	0.00258195	-0.021147
646_647	-0.0272644	0.0489156	1	85	-0.00995781	-0.0101706	-0.0295897	-0.0174807	-0.0173645	0.0093687
651_652	-0.032542	-0.00185674	1	67	-0.00810828	0.00666523	0.0110781	0.00709891	0.0779534	0.0243151
648_649	-0.0294859	0.0258016	1	73	-0.00411103	-0.0143115	-0.0177045	0.00812957	-0.0193725	-0.000563476
649_650	-0.0265856	0.057247	0	80	-0.0141828	0.00550149	-0.0376611	-0.0163693	0.00864263	0.0326313
652_653	-0.0276036	0.0448258	1	84	-0.0381864	0.0243871	0.0252499	0.017915	-0.0227194	0.0417752
641_642	-0.0287912	0.0357564	0	85	-0.0287954	0.0145156	-0.0312082	-0.0105186	-0.0137074	0.0399145
647_648	-0.0316018	0.00533897	1	68	-0.0030157	0.000571825	-0.0100073	-0.0352472	0.0123466	0.0102401
580_581	-0.030072	0.0302015	0	37	0.0509406	-0.00645559	-0.00505152	0.0122463	-0.0183438	0.000692277
589_590	-0.0336576	-0.0168453	1	75	-0.0403877	0.0258323	0.000516051	0.0327804	-0.0185204	-0.0155068
586_587	-0.0337562	-0.016209	0	51	0.010847	-0.0205759	-0.0191538	-0.00534962	0.0292171	-0.00296291
587_588	-0.034146	-0.0182841	1	72	-0.00771673	-0.00200228	-0.00617181	0.0283772	0.0216194	0.0146724
585_586	-0.0341718	-0.0236074	0	71	-0.0149923	0.0287964	-0.0358064	-0.0232134	-0.0308194	0.00601423
590_591	-0.0246992	0.0737176	0	69	0.120483	0.0116379	0.0365009	-0.0282113	-0.0355925	-0.045352
582_583	-0.0325908	-0.00790051	1	52	0.00717611	0.000708942	-0.0215545	0.0112011	0.00433723	0.0082334
581_582	-0.0278924	0.0436592	1	63	0.0300076	0.00326725	0.0139515	-0.00361644	-0.00379885	-0.00760581
644_645	-0.0349655	-0.0319898	1	59	0.0185772	0.00170826	-0.0283209	-0.0146018	-0.0197129	-0.00160492
624_625	-0.0290841	0.0361563	0	60	0.01029	0.0109281	-0.00196064	-0.0256612	-0.026899	0.013896
584_585	-0.0214525	0.0902632	0	74	0.0193736	0.00129406	0.0142174	0.00822534	-0.00915862	0.00270306
583_584	-0.0311777	0.0113486	0	36	0.016444	-0.00770779	0.00227076	-0.0101055	-0.0347813	0.00468399
588_589	-0.0298557	0.0283192	0	69	-0.0442976	0.00951887	-0.0080361	-0.0100972	0.0515618	0.00587873
625_626	-0.0252826	0.0684358	1	59	0.0325839	-0.0102108	0.00766431	0.0319373	0.0177061	-0.0108934
634_635	-0.0189745	0.0962864	0	55	-0.00613623	0.039932	0.0320829	0.0625131	-0.0184747	-0.0116934
635_636	-0.0329559	-0.0029406	1	66	-0.0478928	0.0186682	-0.024648	-0.0117048	-0.0165366	0.00268858
592_593	-0.035042	-0.033948	0	68	0.0182877	-0.00525243	0.0030791	0.00425023	-0.0159613	0.0123091
595_596	-0.0331106	-0.00278652	0	81	-0.0239159	0.00643453	-0.0126403	0.00436088	-0.00633852	0.00644312
593_594	-0.0274874	0.0474384	0	69	-0.0287163	0.00969855	-0.0132457	0.0140616	-0.00465527	0.017527
344_345	-0.0330039	-0.00855148	0	61	-0.0265318	0.0199645	-0.015738	-0.00464251	-0.00509326	-0.0408067
345_346	-0.0304678	0.0219243	0	66	-0.0365139	0.0280119	-0.155684	-0.222394	-0.171442	-0.0765654
591_592	-0.0311823	0.012889	0	83	-0.0539417	0.00972691	-0.0125434	-0.0258437	-0.00725733	0.0117467
629_630	-0.0331548	-0.0128232	0	34	-0.00739992	-0.0171572	0.047608	0.0163567	-0.0054272	0.0607929
628_629	-0.0332442	-0.00471884	0	73	0.0205797	-0.0178184	0.00855393	0.0149809	0.0219474	-0.001088
630_631	-0.0319498	0.0011979	1	54	0.0188908	0.0110527	0.0249214	0.0386905	-0.00859866	0.038048
626_627	-0.0340457	-0.0167899	1	46	0.0277861	0.0329995	-0.0138586	0.0243786	-0.0111695	-0.00486439
594_595	-0.0325837	-0.00317651	1	74	0.00256377	0.00189769	0.012299	0.0504439	0.0311767	-0.0104252
627_628	-0.0301858	0.0269561	1	69	-0.0262483	0.0121142	-0.00386941	0.00206276	-0.0102108	-0.0144038
655_656	-0.0330754	-0.0115715	0	60	-0.0140068	-0.0245415	-0.00910172	0.0101925	-0.0106592	0.0303746
52_52	-0.0328593	-0.00770661	1	52	0.0175063	-0.000792185	-0.00487489	-0.00394829	-0.00449021	0.00904773
385_386	-0.0316959	0.0110165	1	47	-0.0110313	-0.000351488	-0.0125935	0.0143226	0.00828762	0.0191583
659_660	-0.0327917	-0.00561067	1	20	0.00293541	0.0183214	0.00771605	-0.00582609	0.0180255	-0.00719456
353_354	-0.0323537	-0.000688314	1	71	-0.015	-0.0100753	0.00633381	-0.0093375	0.0196933	-0.0260417
654_655	-0.0281546	0.0463996	0	59	-0.0306863	-0.017896	0.021936	-0.0060704	-0.0176137	-0.0648198
657_658	-0.0336898	-0.0166892	0	68	-0.0314264	-0.00528695	0.0301601	0.0278767	-0.0047555	0.0394913
351_352	-0.0380819	-0.0794377	1	77	0.016066	0.00185909	-0.000259274	0.0261647	-0.00353359	-0.0332234
653_654	-0.0337678	-0.0176259	0	86	0.0131234	0.00799804	0.023383	0.000512073	-0.0129123	-0.0629259
354_355	-0.0336055	-0.0177813	0	23	0.016116	0.0103765	-0.0535765	-0.0256594	-0.0283575	-0.0250346
386_387	-0.0309219	0.0249982	0	80	0.0401943	-0.280855	-0.199674	0.147996	0.050298	-0.156168
658_659	-0.0336078	-0.0127744	1	42	-0.0245211	-0.0265836	0.0112884	0.00819467	-0.0116923	0.0382435
346_347	-0.0346268	-0.0171626	0	61	-0.00738827	0.00978022	-0.00980591	-0.0462909	0.00638983	0.0254012
350_351	-0.0306814	0.0178248	1	52	0.00540708	-0.14195	-0.0697015	0.0525356	-0.0346681	-0.0483851
41_41	-0.02746	0.0557634	0	77	-0.0203112	-0.00891277	0.00579176	-0.0157114	-0.00601735	0.0537788
465_466	-0.0312387	0.014859	0	59	-0.00190867	-0.00491399	-0.0209369	0.0198884	0.0182811	-0.024806
113_113	-0.0334021	-0.0188729	0	67	-0.0181163	0.0236109	-0.0106761	-0.0273978	-0.00982959	-0.038615
349_350	-0.0313232	0.0162116	0	51	0.0285847	0.00588779	0.00932841	-0.028425	0.0192513	-0.00120301
632_633	-0.0286405	0.0412306	0	70	-0.0172785	0.010513	0.030403	0.0102286	0.0283462	0.0313078
39_39	-0.03435	-0.022595	1	42	-0.029321	-0.00467165	0.0177238	0.00880917	0.0121303	-0.00412378
660_661	-0.0323133	0.00614727	1	40	0.00817876	0.00497804	0.000645184	-0.035517	0.00901179	-0.00834012
43_43	-0.0316998	0.0102989	1	46	0.012896	-0.0251972	0.0365011	-0.0163172	0.0311089	-0.0457348
597_598	-0.0346308	-0.0275457	0	52	7.46831e-06	0.0165982	0.0154414	0.0221203	0.0235492	0.0198178
352_353	-0.031717	0.00798923	1	58	-0.00109814	0.000852014	-0.0156938	-0.0248461	-0.0257205	-0.00532517
633_634	-0.0332087	-0.0129978	1	57	0.0413209	-0.00651031	-0.0302807	-0.026283	-0.0231169	0.023516
596_597	-0.0329929	-0.00427389	1	44	0.00418437	0.0150516	0.0205381	0.0323433	-0.0473193	-0.0308366
42_42	-0.0328792	-0.00142926	1	59	0.00545229	-0.000900303	-0.00253106	0.0117812	0.0379993	0.0438787
40_40	-0.033143	-0.0122242	1	72	0.017354	-0.0201952	-0.0400351	-0.00970969	-0.0255925	0.0282401
75_75	-0.0310081	0.0142266	1	73	0.0121743	-0.0060678	0.0240969	0.000888675	-0.0111994	-0.0157102
57_57	-0.0324451	0.000654995	0	32	0.00641968	0.00985154	-0.0380498	-0.0474315	-0.0225709	0.0246033
93_93	-0.031449	0.0103828	0	60	-0.03386	0.0124035	0.0028678	-0.000353026	-0.000133447	0.0260326
47_47	-0.0336178	-0.00988722	1	19	-0.0111468	0.0331802	0.00397233	0.0163775	0.0376684	0.0108428
58_58	-0.0329172	-0.00475541	0	19	0.0221676	0.0139863	0.0195054	0.0155678	0.000992019	-0.00450842
49_49	-0.022134	0.0884139	0	84	-0.0181983	0.0128481	-0.0327003	0.0227811	-0.00944665	0.00454615
90_90	-0.02778	0.0519104	1	75	-0.00666218	-0.0122639	-0.00800924	0.0042307	0.0223518	-0.021144
53_53	-0.0330829	-0.0103471	1	32	-0.00831434	0.0154688	0.0215771	0.00885583	-0.0368654	-0.0255457
50_50	-0.0316355	0.00839105	0	64	-0.0262294	0.012432	0.00439596	0.00272285	-0.0147089	0.0252536
92_92	-0.0298363	0.0333111	0	71	-0.0221003	-0.0118236	-0.00587008	-0.0314588	0.0374736	0.00504141
91_91	-0.0327238	0.000892848	0	53	0.0225498	-0.0102561	0.0049717	-0.0140344	0.0128497	-0.0235186
48_48	-0.0168087	0.101309	1	86	-0.000438904	0.0160004	0.000471991	0.0199132	0.016444	0.0233009
51_51	-0.0332979	-0.0141094	1	60	-0.00209207	-0.0138765	-0.00758284	0.0225371	0.00226669	-0.000434209
89_89	-0.0321716	0.0084419	0	66	0.00689145	0.000613623	-0.00824793	0.00716491	0.0079397	0.00480242
60_60	-0.0309236	0.022563	1	35	-0.00295317	-0.0189872	0.0144972	0.0495123	-0.00788669	-0.0361739
54_54	-0.0313678	0.00990298	1	66	0.075516	-0.0124687	0.033743	0.0344245	-0.0146185	0.0137534
56_56	-0.0338727	-0.0155895	1	36	-0.0102028	-0.00555154	-0.00239889	0.00724973	-0.0194902	-0.014167
97_97	-0.0337258	-0.0161421	0	59	-0.000856562	0.00246387	-0.00894041	0.00143025	-0.00926615	-0.0106393
55_55	-0.0323939	-0.000820398	1	71	-0.0126658	0.00445171	0.00605395	0.00568397	0.0167325	-0.0334527
63_63	-0.0329485	-0.00551367	1	44	-0.0147458	0.0283374	-0.0053822	0.0367175	-0.016517	0.000719101
286_287	-0.0293648	0.030237	0	44	-0.0115091	0.00713629	0.0204935	0.0216537	0.0494091	-0.0294446
64_64	-0.0327565	-0.00542939	0	46	0.0019486	-0.0297188	-0.00171135	0.0139802	-0.0309261	-0.0127945
276_277	-0.029674	0.031537	1	65	-0.00392659	0.00644824	-0.0197596	0.00391095	0.0532009	-0.00272186
1077_1078	-0.0315041	0.012004	0	61	0.0142656	-0.0157352	-0.029608	-0.0292068	-0.04354	-0.0405323
61_61	-0.0336328	-0.0185771	0	25	0.0150609	-0.00517902	-0.0126816	0.00540302	-0.0163855	0.00556716
95_95	-0.0306413	0.0172794	0	69	0.0256315	0.00335125	0.00278975	-0.0117855	-0.00104306	0.0393336
96_96	-0.0336727	-0.0168838	0	64	0.000101754	-0.0166666	0.0136592	-0.012997	0.00675505	0.0206085
287_288	-0.0305697	0.0254644	1	79	-0.0165878	0.000285553	0.00664285	0.0396407	-0.0212449	0.0313784
86_86	-0.0337985	-0.0198305	0	43	-0.0152436	0.0327156	-0.000844747	0.0023333	-0.0336892	-0.0330201
71_71	-0.0338885	-0.0171112	1	86	-0.0338104	-0.00151811	0.00031947	0.0226106	0.0101527	0.0258061
88_88	-0.0355943	-0.0555595	0	78	-0.0122695	0.009986	0.021675	-0.0217776	-0.00262464	-0.0399595
163_163	-0.0293253	0.0356391	1	56	-0.0460592	0.0300644	0.00513977	0.00876439	0.0154506	-0.0143487
72_72	-0.0330689	-0.00887674	0	77	-0.0124257	0.00125071	0.00173304	-0.0240287	-0.0153412	-0.00385714
84_84	-0.0297481	0.0286117	0	57	-0.011739	0.0316571	0.0154948	0.00777971	-0.0260994	-0.00989965
1081_1082	-0.0309241	0.01787	0	73	0.0187597	-0.0280307	-0.000696399	0.000547302	0.0346146	0.0311571
85_85	-0.0318514	0.0145071	0	70	0.020882	0.0119495	0.0293118	0.00720574	0.000339989	-0.0213442
1080_1081	-0.0340639	-0.0237997	1	71	0.0469982	-0.00726686	-0.00178129	0.0160539	-0.0214444	0.0272979
1078_1079	-0.0326162	-0.00258139	0	65	-0.00604708	0.0201054	-0.0222235	0.0228192	0.0177631	0.0180679
87_87	-0.0301132	0.0227675	0	63	0.0107787	-0.0111058	-0.00930016	-0.014502	0.00910747	-0.00932988
70_70	-0.0335878	-0.018931	0	50	0.0215325	0.0103039	0.0191169	-0.00833011	0.0336974	-0.037046
1079_1080	-0.0340482	-0.015792	1	77	-0.00647567	0.0151146	-0.0166251	0.0031433	-0.0444203	0.00364577
170_171	-0.0309667	0.0169094	1	43	0.0697955	-0.0151373	-0.00681758	0.00551703	-0.00220532	0.0177177
169_170	-0.0337442	-0.0124192	0	20	-0.0121839	-0.00993026	-0.0204918	0.0169474	0.0137241	0.0475299
155_155	-0.0315001	0.00859562	0	56	-0.0390402	0.0141238	0.00785626	-0.0253838	0.02832	0.0109448
171_172	-0.0332224	-0.0104055	1	62	-0.0036422	0.00727277	0.0167914	0.00215563	-0.0119166	-0.0421143
164_165	-0.0316038	0.0117857	1	41	0.0449408	-0.00131826	0.0130788	0.0176663	0.00439335	-0.0207201
173_174	-0.0299998	0.0279392	0	68	-0.00778078	0.0259951	0.023442	-0.00914413	-0.00547159	-0.024991
167_168	-0.033441	-0.0120679	1	58	-0.0160742	0.0274701	-0.00166377	-0.0103373	0.0224071	0.0150331
168_169	-0.0276379	0.0566563	0	79	0.0215619	-0.00177384	-0.0073494	0.00453734	0.0229875	0.00317914
154_154	-0.0283653	0.0477637	0	67	0.069358	-0.0217108	0.0145493	0.0157989	-0.0222522	0.00652039
172_173	-0.0340034	-0.0163683	1	23	0.0342249	-0.0433705	-0.0190632	0.0299732	0.00997238	-0.0208785
166_167	-0.0326986	-0.000591427	1	34	0.0213295	-0.0291306	0.0147437	-0.0168393	-0.00565179	0.0507841
165_166	-0.0243168	0.0789737	1	61	-0.0852416	0.0319157	-0.0187205	0.00675287	0.0303564	0.0118872
175_176	-0.0334138	-0.0182167	1	49	0.00195561	-0.00200329	0.00167689	0.00285136	0.0294174	-0.0145945
156_156	-0.0319691	0.00273511	1	73	-0.0156924	0.0104143	-0.0253802	0.00300867	-0.0174409	-0.0301344
28_28	-0.0334366	-0.0147049	1	74	-0.00503032	-0.0216981	0.0247634	-0.0109367	0.00214532	0.00688678
134_134	-0.0212671	0.09248	1	73	0.000877158	0.00863876	-0.00793388	0.0176465	-0.0151253	-0.0170297
142_142	-0.0331414	-0.00167391	1	67	0.00234506	0.0212113	-0.00434421	0.0116963	0.0142963	0.0448145
598_599	-0.0273392	0.0481327	1	49	-0.0158268	0.00794236	-0.0366273	-0.0424275	0.084751	-0.00250674
27_27	-0.0286235	0.0411947	1	73	-0.0107949	0.0114924	0.00525669	-0.0150557	-0.00280294	-0.005338
141_141	-0.0320743	-0.00222546	1	36	-0.00311634	0.0126664	0.00366058	0.0298805	0.0448986	-0.030983
138_138	-0.0329248	-0.0128985	0	64	0.0107596	-0.00419594	-0.0301521	0.00989326	-0.0088999	0.00187842
137_137	-0.0295035	0.0277109	1	87	-0.0425373	0.0114588	-0.0240864	0.0243653	-0.00710178	-0.00208779
46_46	-0.0305134	0.019251	0	68	-0.0319854	0.0172059	-0.00503045	-0.00099021	0.0342059	0.00163868
139_139	-0.0309918	0.019298	1	79	0.00550962	-0.00501125	-0.00144015	0.00843143	0.00410346	-0.0109059
140_140	-0.0262035	0.0645605	0	60	-0.00414885	-0.000116628	-0.0170247	0.00424289	0.0125493	0.0268103
25_25	-0.0326848	-0.00235853	0	64	0.00149871	-0.00558769	0.0115039	0.00644511	-0.0156856	0.00747457
723_724	-0.0346477	-0.0289441	1	69	0.00650807	0.0149306	0.0249381	-0.0075813	0.0281401	0.00514366
978_979	-0.0329342	-0.0052568	1	71	0.0344222	-0.00977956	-0.0206767	-0.00895161	0.083086	0.0208933
974_975	-0.03653	-0.0473261	0	74	-0.0439078	0.0121191	0.0116875	0.0523198	0.0355463	-0.021404
724_725	-0.0350975	-0.0377918	1	65	-0.00991899	-0.00857542	0.000425731	0.0122401	-0.0107055	-0.0105775
972_973	-0.0355843	-0.0366333	1	81	0.0446691	0.017392	0.018823	0.0170068	-0.0128563	0.0314066
976_977	-0.035776	-0.036192	1	67	0.0508649	-3.43545e-06	-0.00336724	-0.00754433	-0.00957952	0.00418459
969_970	-0.0345124	-0.0220569	1	59	-0.0187661	0.0205527	-0.00707443	-0.00240757	-0.0111224	0.00703446
973_974	-0.0341481	-0.0207947	0	79	0.00663666	0.00313053	0.00429022	-0.00129388	0.00586567	0.0363348
975_976	-0.0341649	-0.0259329	0	75	0.0310821	0.0103393	0.0148226	0.00487449	-0.00708253	-0.0496522
977_978	-0.0336361	-0.0155662	1	70	-0.00676197	0.0515154	-0.0282196	0.0039435	-0.0162369	0.0109322
714_715	-0.0358024	-0.0424615	1	61	-0.0114758	-0.00658508	0.0272172	-0.00849347	0.0447091	-0.00809756
979_980	-0.0332435	-0.0129588	0	64	0.0635463	0.00690264	0.0272268	-0.00629282	0.00133257	-0.00532674
725_726	-0.0337971	-0.0132944	0	57	-0.00817491	-0.00685204	0.0194665	-0.00451714	-0.0113499	0.0110997
726_727	-0.0355674	-0.0392071	1	67	0.012502	0.00338202	-0.0332072	0.0157633	0.0501749	0.0121466
149_149	-0.0304985	0.0244496	1	59	0.0110869	0.00533471	-0.00438637	-0.00856833	-0.00473388	-0.00859056
177_178	-0.0320445	-4.62234e-05	0	19	0.00224427	-0.00627965	-0.0269195	-0.000804308	-0.0206159	0.0414415
148_148	-0.0316132	0.00741786	0	62	0.00581291	0.0267571	-0.00844467	0.00787758	-0.00538579	0.0187818
179_180	-0.0308873	0.0122069	1	31	-0.00761854	0.0134499	0.00631261	0.0238365	0.0158614	0.000965302
144_144	-0.0317589	0.00752172	0	44	-0.00100801	0.00142479	0.015668	0.00828173	7.4809e-05	0.0316107
150_150	-0.030068	0.0253158	1	31	-0.0133615	-0.00521061	0.0143545	0.0154286	0.0353264	-0.0167332
145_145	-0.0290746	0.0392085	0	87	0.000731336	0.0203121	-0.0475275	0.0323905	-0.00173309	0.0510755
147_147	-0.0288605	0.0428085	1	54	-0.0226782	0.0054701	0.0147544	-0.0251886	0.0113847	0.0231098
178_179	-0.0290027	0.0347616	0	47	-0.0174368	-0.00618075	-0.0222285	0.00021568	0.0298643	0.0199428
176_177	-0.0332947	-0.0151187	1	27	-0.0508554	-0.014065	0.0622127	0.0850996	-0.0873995	0.071498
153_153	-0.0280246	0.0449069	1	46	-0.0190127	-0.00689061	0.00812223	0.0319563	0.0162592	-0.0118607
152_152	-0.0293769	0.0329577	0	68	0.041522	0.0116073	0.0151271	-0.00119303	-0.0169004	-0.0387489
151_151	-0.0329129	-0.00416696	1	19	0.0250056	0.0233844	-0.00465158	0.00282541	-0.0217965	0.00201904
146_146	-0.029221	0.0348036	0	63	0.0529698	0.00827483	0.0089078	-0.0141734	-0.00240666	0.00979786
81_81	-0.0338811	-0.025543	1	62	-0.0106911	0.00728405	0.0169369	0.00639579	0.0289163	0.0106178
77_77	-0.0300212	0.0263492	0	40	-0.00641947	0.039043	0.0128245	0.00646478	0.0371438	-0.0296896
79_79	-0.0306295	0.0203013	1	60	-0.0288107	0.0140209	0.0214776	0.0111451	0.0125486	0.00804899
288_289	-0.0260721	0.0585634	0	80	0.00545055	-0.0157451	-0.0182437	-0.00426147	0.0098338	-0.0180019
83_83	-0.0308691	0.0197806	1	52	-0.00963057	0.0329396	-0.00165542	0.0116583	-0.0105654	0.00928834
76_76	-0.0344146	-0.0339759	0	73	0.0595985	0.00877723	0.035602	-0.0161729	-0.0138363	-0.0164855
180_181	-0.0320791	0.00109559	1	68	-0.023443	-0.000489976	0.0223918	-0.0156847	-0.022158	-0.0118141
78_78	-0.0338482	-0.018703	0	38	-0.0227316	-0.00364917	0.00129237	0.0038287	0.0350344	-0.0430629
289_290	-0.0309208	0.00925618	1	29	-0.00549325	0.00662485	0.000626362	0.0105134	0.00328441	0.0177639
656_657	-0.0317881	0.0036988	0	61	0.015181	0.0189841	0.0193665	-0.0123866	-0.0207303	0.0034453
82_82	-0.0317361	-0.000134349	0	64	0.0182327	-0.00435359	0.0224524	0.0124339	0.0140314	0.0136545
355_356	-0.0293606	0.0289923	1	27	0.0495011	0.0254282	0.0126055	-0.0118912	0.0166159	-0.0161677
45_45	-0.0256005	0.070899	0	71	-0.0371439	0.0153826	-0.0138542	-0.00618632	0.0387789	0.00553337
181_182	-0.0349131	-0.0316687	1	66	-0.029135	-0.00830679	-0.0145684	0.0409185	-0.00767345	0.0186415
281_282	-0.0310022	0.00939998	1	53	0.00586722	0.0199537	-0.00481027	0.0295358	0.0107179	-0.00345275
278_279	-0.0324717	0.00418153	0	45	-0.0105076	-0.00488879	-0.0373466	-0.000963548	-0.0165126	-0.020104
65_65	-0.0323604	0.000219226	0	58	-0.0165875	-0.00114708	0.0247571	-0.0178223	0.0169547	0.00720838
280_281	-0.0304489	0.0221334	1	25	0.0169396	0.00400759	-0.0204476	0.0110047	-0.029358	0.0203118
283_284	-0.0318887	0.00754094	0	47	0.0140002	-0.00238024	-0.0141568	0.0263695	-0.0123458	0.00467588
69_69	-0.0339996	-0.0181798	1	66	0.033437	0.00883666	-0.00235909	0.0187009	0.00698938	-0.00459956
68_68	-0.025696	0.060886	0	73	-0.00896009	-0.0163042	-0.000676324	-0.0547062	-0.00195036	0.0128822
282_283	-0.0327903	-0.00750425	0	40	0.0132115	0.0109589	-0.0207244	-0.0220796	-0.045689	0.0125066
284_285	-0.0336074	-0.0177512	0	30	0.0206168	0.00198436	0.012514	-0.0130598	-0.00495632	-0.00452724
279_280	-0.0330372	-0.00785512	1	73	-0.00212263	-0.00343818	0.020958	0.0389583	0.0228121	0.00443192
290_291	-0.0301238	0.0254578	1	53	-0.0157315	-0.00650603	-0.0048888	0.00720174	-0.034596	-0.0197696
66_66	-0.033212	-0.00790197	1	66	-0.017765	-0.00241658	-0.0196859	0.0169567	0.0247041	-0.016032
44_44	-0.0317171	0.00805745	0	60	-0.00835224	0.0378554	-0.0184308	-0.0520674	-0.0558316	-0.00395919
127_127	-0.031821	0.00897327	1	85	0.00124112	-0.0109529	-0.00348838	0.000155429	-0.0193304	-0.0172579
121_121	-0.0313117	0.0100825	0	71	-0.0480092	0.0184488	0.0130162	0.00537827	-0.0110227	-0.0121414
120_120	-0.0319156	-0.00228676	0	46	0.0092558	0.0104884	-0.0125902	-0.0283775	0.0113337	0.0523169
126_126	-0.032581	-0.000659198	0	65	-0.00715503	0.013565	0.00329716	0.0126833	0.0284672	-0.0121022
130_130	-0.0267562	0.0654108	0	72	-0.0336509	0.0312484	0.019491	-0.0102275	-0.0330378	0.0304247
129_129	-0.0319345	0.00462055	0	35	-0.00619014	-0.00672713	-0.00770394	0.0040825	0.0195995	-0.00457346
119_119	-0.0338296	-0.0167386	0	38	-0.0184234	0.0179163	-0.00690887	0.015406	0.00767884	-0.000816843
125_125	-0.0300235	0.0243102	1	74	-0.0377651	-0.0992885	-0.0281216	0.00621559	-0.0218436	-0.0650874
133_133	-0.0213294	0.0910782	0	62	0.00416214	-0.0059464	0.00101658	-0.0203813	-0.0204235	0.0228796
128_128	-0.029709	0.0291416	0	37	0.00132221	0.0148963	0.000408888	-0.00278381	0.0128649	0.0221959
132_132	-0.0321303	0.00491494	1	62	0.0347035	0.000856805	-0.0193887	0.0141283	0.0158686	-0.00551305
122_122	-0.0321567	0.00781447	1	67	0.0344893	-0.00847815	-0.0143706	0.0185746	0.0117465	0.00743155
123_123	-0.0337711	-0.0179203	0	50	0.0456495	-0.0284965	0.0244421	-0.00552919	0.00546805	-0.0185556
131_131	-0.0310723	0.0229891	1	67	0.00896434	-0.0122067	-0.00864761	-0.0143667	-0.00678555	0.0267325
185_186	-0.0321808	0.0121899	0	62	0.00507568	-0.0109995	-0.021381	0.0199648	0.0384997	-0.0138494
29_29	-0.026662	0.0540607	1	69	-0.0155636	-1.98752e-05	0.0393922	0.0132947	0.00376094	-0.0112629
188_189	-0.0299041	0.0283998	0	46	-0.0121608	-0.0878735	-0.0266728	0.0275653	0.0493088	-0.0123853
189_190	-0.0303262	0.0195483	1	68	0.0276164	-0.00755792	-0.0141364	-0.0122533	-0.0425853	0.0163553
33_33	-0.0251751	0.0714471	1	73	-0.0206744	0.0251563	-0.107113	-0.0644744	-0.114828	-0.0450841
186_187	-0.0342683	-0.0229546	1	28	-0.000924945	-0.0216245	-0.00988381	0.0291564	0.0406775	-0.00709912
1_1	-0.0278985	0.051059	1	65	-0.0313459	-0.0243139	0.0397409	-0.0190709	0.01244	0.0435153
187_188	-0.0323076	0.00178596	0	26	0.00602564	0.011609	0.01453	0.0194924	0.047828	0.007149
2_2	-0.0324451	-0.0043579	1	48	-0.0163479	0.0126901	0.00703643	0.0116439	-0.0010143	0.00152639
30_30	-0.0330754	-0.0138049	0	37	-0.00129514	-0.00935683	0.0165252	-0.0142514	-0.00978612	0.0127841
35_35	-0.0272227	0.054154	1	69	-0.0317071	-0.00460252	-0.0305982	-0.000330789	-0.0226511	-0.00885895
36_36	-0.0265169	0.0615368	0	66	0.00114041	0.01824	-0.0169335	0.0114497	-0.00726116	-0.00831366
37_37	-0.0328587	-0.00737637	1	47	-0.00743915	0.00808774	0.00817944	0.00252844	0.00475138	0.024504
38_38	-0.0295269	0.03558	0	79	-0.00839857	0.00250603	-0.00513427	0.0180201	-0.0116457	0.0173627
183_184	-0.0299181	0.0238717	1	65	-0.0357378	0.00574126	-0.0160261	-0.0375439	-0.0443792	0.0264893
191_192	-0.029909	0.0304973	1	55	-0.00367067	0.0131444	-0.00532042	0.0038692	0.0188567	-0.0170988
184_185	-0.0218076	0.0856254	0	83	-0.0311001	-0.0122117	0.0204251	-0.00465295	0.0142056	0.00599198
161_161	-0.0303684	0.0201752	1	33	0.0194414	0.000145512	-0.00674439	-0.0239349	0.0212177	0.0112439
190_191	-0.030473	0.0196853	0	61	-0.0594078	0.0562918	0.0250059	0.0561371	-0.0105555	0.00547768
159_159	-0.0332383	-0.014148	0	63	-0.00656134	0.0262687	-0.00502771	-0.0152219	0.0259852	0.00142494
160_160	-0.0281713	0.0424941	1	60	-0.0203736	-0.00317304	0.0268066	-0.0049172	0.0255851	-0.0198731
4_4	-0.0320889	0.00678262	1	48	-0.0424053	0.0274011	-0.0682331	-0.105973	-0.0696338	-0.00201364
158_158	-0.0306116	0.0193791	0	59	-0.00584051	0.0470348	-0.0287684	-0.00418199	-0.0714486	-0.024901
3_3	-0.034224	-0.0257536	1	53	0.0172815	-0.00150258	0.000395551	-0.0295932	0.00273588	0.0299769
182_183	-0.0273967	0.0556797	0	70	0.0115614	-0.00836568	-0.0201083	-0.0164933	0.00280628	0.0264031
124_124	-0.0226917	0.0873078	1	71	-0.0123662	0.0353314	-0.0148555	-0.0352578	0.0123651	-0.0300154
248_249	-0.0304681	0.0141617	0	69	0.0138301	0.030338	0.00340793	0.00647984	-0.0164875	0.0174101
243_244	-0.0292832	0.0277995	1	59	0.000128887	-0.0158175	-0.0398796	0.00693686	-0.0174381	-0.0150467
245_246	-0.0311796	0.00427362	1	58	0.0232784	-0.017773	0.000599964	-0.0333351	-0.0366565	-0.011228
244_245	-0.032549	-0.0131852	1	79	0.047494	-0.02626	0.0364663	0.00351963	0.0121601	-0.0199843
6_6	-0.0294686	0.0229576	1	79	-0.0297461	-0.000409147	0.0468657	0.0554384	-0.0558539	0.0865615
247_248	-0.0268166	0.0558346	0	77	-0.00175028	0.0158506	-0.0134976	0.0277208	-0.00168486	-0.000229408
8_8	-0.0251635	0.0712564	0	71	0.0166978	0.0138522	-0.0279606	0.00397994	-0.0332271	-0.00388737
252_253	-0.0284413	0.0388037	0	29	-0.0255293	0.0221641	0.00389766	-0.00761653	-0.00848422	0.0180358
255_256	-0.0284684	0.0308299	1	54	-0.0325115	0.0110045	0.0259416	0.00449477	-0.0132773	-0.0439998
7_7	-0.0270355	0.0480429	1	74	0.0217849	-0.0251722	-0.0031258	-0.0379573	0.0191594	-0.0449125
250_251	-0.0307964	0.0173209	0	63	-0.011324	0.029854	-0.0137873	-0.0117786	0.0358912	0.00999045
251_252	-0.0287935	0.0351958	0	35	0.0189237	0.0145402	-0.0108303	0.00393925	-0.00723909	0.00537281
242_243	-0.0276592	0.0477756	1	82	-0.00508052	0.0129435	0.0112799	0.00127755	-0.0187037	-0.00778095
9_9	-0.0312701	0.0115377	1	32	-0.0237708	-0.000315237	0.000501863	0.0189136	-0.00275923	0.0022994
226_227	-0.0332506	-0.0282135	1	77	0.0122963	-0.0109935	0.00182305	0.0243873	0.00516284	0.00282453
233_234	-0.0316556	0.0113803	1	67	-0.0215218	-0.00675234	-0.0113086	-0.0121285	0.0547524	0.0294096
11_11	-0.0280108	0.0505957	0	81	-0.0645276	0.029945	0.0294705	0.0241777	0.0168743	-0.0376884
232_233	-0.0334391	-0.0112838	0	24	-0.0232493	-0.0056156	-0.00289979	0.00373835	0.0278306	0.0114476
236_237	-0.0331032	-0.0104772	0	51	0.0506444	0.00499777	0.00451359	-0.00177697	0.000629477	0.00398243
225_226	-0.0317333	0.00121224	0	32	-0.014236	0.0286645	0.00666394	-0.0381447	0.0588988	0.0325096
229_230	-0.0275606	0.0501966	0	27	0.0318831	0.0197601	0.0481584	-0.00929925	-0.0013376	0.0203013
231_232	-0.0296135	0.0301522	1	40	-0.0438814	0.0130959	0.11481	-0.0297058	0.0216534	-0.22812
223_224	-0.0299998	0.0285075	0	71	-0.0138717	0.00729617	-0.0160318	-0.00859453	0.0101102	0.031076
230_231	-0.0219168	0.0885936	1	60	0.0250219	0.0234328	0.022808	0.00780605	-0.00825353	-0.00746506
224_225	-0.0302086	0.0249865	0	85	-0.0247975	0.0117936	-0.0216026	-0.0395479	-0.026231	-0.0505877
10_10	-0.0272214	0.050008	1	78	0.0175121	-0.13892	-0.0655687	0.0374538	0.0111905	-0.030256
213_214	-0.0275529	0.0545987	0	86	-0.00592304	0.0195825	-0.00995991	-0.00548197	-0.00638289	0.0154187
246_247	-0.0286625	0.0352934	1	28	0.0247989	-0.00198952	0.016408	-0.0240392	0.0129758	-0.0156685
208_209	-0.030791	0.015103	1	72	-0.0102265	-0.0211489	0.00655717	0.0374818	0.00854856	0.00386411
238_239	-0.0302694	0.0226739	1	39	0.00314133	0.00763446	0.00798123	0.0148718	-0.0226346	0.00870591
211_212	-0.0286255	0.0381471	1	53	0.064659	-0.0274388	-0.00812721	-0.00767815	-0.0380771	-0.00286091
209_210	-0.0284653	0.0471826	0	93	0.106558	-0.0186063	0.0228152	0.0171541	-0.020713	0.0346132
212_213	-0.0302489	0.0234695	1	93	-0.0161505	0.0142052	-0.0283	-0.0506991	0.0385696	0.00127586
207_208	-0.0325183	0.00150099	0	39	-0.00960531	-0.0112955	-0.0257448	-0.00178653	0.0078252	-0.0187551
239_240	-0.024155	0.0828833	0	39	0.0222895	0.00113273	-0.0102722	0.0211521	-0.0147737	-0.00355821
214_215	-0.0314677	0.00627691	1	69	-0.00691595	-0.0127459	-0.00818796	0.0173136	0.00920604	0.0119844
206_207	-0.0303769	0.0210488	1	63	-0.0188077	-0.137489	-0.0755341	-0.0153652	-0.236366	0.0300596
237_238	-0.0286273	0.0378768	0	25	-0.0191832	0.00879797	0.00265009	-0.0189481	-0.0067952	-0.0123159
813_814	-0.0321106	0.00324419	1	81	0.0029734	0.00490431	0.00491945	0.0226725	0.0271578	0.0112947
981_982	-0.0327087	-0.00758663	0	73	0.0448389	-0.00858266	0.0282295	0.00692513	0.0111827	-0.0042088
734_735	-0.0263735	0.0563375	0	83	-0.0163748	0.00247674	-0.0168768	0.0135066	0.00214908	0.000129334
816_817	-0.0343844	-0.0246639	1	65	-0.0167162	0.0178098	-0.000725361	0.0136724	-0.0160135	-0.0093146
838_839	-0.0332184	-0.00552043	1	70	-0.0108184	-0.0698662	-0.0157394	0.00224624	-0.123283	0.0440701
980_981	-0.0340948	-0.0205894	1	71	0.072056	-0.00638958	0.00377082	0.0148413	-0.0207682	0.0169114
732_733	-0.0334879	-0.0152482	1	89	0.0118368	-0.0068262	-0.00849112	-0.012184	0.0248487	0.0121923
982_983	-0.033754	-0.0206778	1	72	-0.00360777	-0.00560986	-0.0199559	-0.0138672	-0.0193763	0.0609286
819_820	-0.0326918	-0.00990248	1	67	-0.0355063	0.0149681	0.0119127	0.0211573	0.00290302	0.0038888
735_736	-0.0321197	0.00375548	1	77	-0.0278416	-0.00390501	-0.0264995	-0.0229354	-0.00242159	0.0064074
731_732	-0.0329124	-0.0118767	1	83	0.00492756	-0.000159641	-0.0028509	-0.0135003	0.00133408	0.0212576
727_728	-0.0323974	0.00335258	1	77	-0.0263708	-0.00787243	0.0149448	0.0112478	-0.00448956	0.00600865
210_211	-0.0315587	0.0162955	0	46	0.0384795	-0.0134513	-0.000804649	-0.00604761	-0.0161649	-0.0172679
13_13	-0.0334081	-0.0133554	1	50	0.00402822	0.000574348	0.00807485	-0.00671238	0.000605421	0.0500148
222_223	-0.0314443	0.00959897	1	48	-0.000310978	0.013849	-0.00904679	-0.0255888	-0.0190419	0.0119656
217_218	-0.0324038	0.00219846	1	73	-0.0197902	-0.0103653	-0.00884682	-0.00204671	0.0205927	-0.00706658
215_216	-0.0334117	-0.0140395	1	60	0.00966075	0.00987653	0.0102595	0.00311271	-0.0135339	-0.00258936
219_220	-0.0330811	-0.00547042	0	67	-0.0605537	0.0412798	-0.0121231	0.00530857	-0.0124577	-0.0371056
221_222	-0.0293131	0.0375473	0	84	-0.0216402	0.00365821	0.0212893	-0.0220272	0.0122623	0.00415352
12_12	-0.0342454	-0.0227353	1	52	-0.000220701	-0.000351165	-0.00906213	0.00897114	0.00566846	-0.00218323
220_221	-0.030826	0.0240883	1	66	-0.0435209	-0.0702381	0.0399626	-0.0784486	-0.0122451	0.00758895
15_15	-0.0326902	0.000334531	1	67	-0.00112568	-0.0076472	0.0177167	-0.0130627	0.0154591	-0.00581186
16_16	-0.0328411	-0.00325242	1	45	-0.041525	0.0429915	-0.150412	-0.208373	-0.109973	-0.0122612
17_17	-0.0323074	0.00134775	0	70	-0.0222098	0.0123853	0.0318035	0.0016011	0.0208191	-0.0297729
257_258	-0.0314914	0.0187894	1	68	-0.0484289	0.0376384	-0.0221163	0.0457073	0.000777181	0.0459302
19_19	-0.0321315	0.00594383	1	74	-0.0437602	-0.0408139	-0.0317791	-0.0526621	-0.0892484	-0.0662754
259_260	-0.0323186	-0.000203073	1	45	-0.0196697	-0.00242603	-0.00165508	0.00836378	-0.00481101	-0.0190744
256_257	-0.0298919	0.0268562	0	52	0.0197033	0.0043907	0.0017637	0.0141668	0.0293347	-0.0121002
18_18	-0.0299365	0.028076	1	80	-0.074629	-0.21477	0.192897	-0.310709	0.0881734	0.130168
23_23	-0.0321249	0.0016236	0	42	-0.0128929	-0.0287612	0.0135528	0.00739824	-0.00658205	-0.0260448
262_263	-0.0261078	0.0637618	1	66	0.020941	0.0239376	-0.0151991	0.022972	0.0163975	0.00971685
258_259	-0.0293394	0.0371191	0	68	0.0472273	0.00235175	0.0106647	0.00573458	-0.0128932	-0.0249432
260_261	-0.0310948	0.0157236	0	76	-0.00963439	0.00272846	-0.00770861	0.0103243	-0.0145852	0.0239241
272_273	-0.0244133	0.0628117	1	54	-0.00301597	0.0139118	0.000911705	-0.0148211	-0.00936056	-0.0206246
271_272	-0.0329243	-0.00453755	1	20	0.0103527	0.0206012	0.0144933	0.0180067	-0.00351514	0.0128805
274_275	-0.0295451	0.0342917	0	66	-0.0288451	0.0109115	-0.0382832	0.0142451	-0.02467	0.00447506
263_264	-0.0323076	0.00335866	0	77	0.0227335	-0.00413489	-0.00325316	0.000306018	0.00509326	0.0369978
267_268	-0.0332598	-0.00795096	1	61	-0.0558639	-0.0263242	0.0539665	-0.0287739	-0.0667997	-0.072746
266_267	-0.0330894	-0.00147325	0	49	0.0128924	0.0115826	-0.0185357	-0.0186148	-0.0307905	-0.0376772
264_265	-0.0322546	0.0111452	0	59	-0.0266403	0.0302506	-0.014966	0.0408159	0.00985425	-0.0257841
270_271	-0.0324117	-0.000760257	1	64	-0.0154448	0.00266663	-0.00162308	-0.0198235	0.0233602	-0.00279232
275_276	-0.0353082	-0.0357148	0	31	0.0074801	-0.00145673	-0.00289111	0.0030563	0.0186212	0.0119939
273_274	-0.0275854	0.0464493	1	63	0.00118642	0.0160936	-0.00153952	-0.0385112	-0.0424541	-0.0258197
269_270	-0.0282701	0.044714	0	76	-0.150965	-0.0843885	0.19125	0.113943	-0.135774	-0.0259758
24_24	-0.0305327	0.0209891	0	77	0.00780497	0.00950458	-0.0194714	0.016258	0.0205776	-0.00455138
934_935	-0.0325692	0.00015974	1	76	-0.0011607	0.00251027	-0.0285645	0.0117046	0.0147453	-0.00917665
927_928	-0.0340904	-0.0147728	1	66	0.0613273	-0.034393	-0.00608587	0.00519702	-0.00826416	0.0323834
933_934	-0.0328421	-0.0083639	0	48	-0.0191795	0.00241906	0.0129505	0.0390003	-0.061389	1.86461e-05
935_936	-0.0331377	-0.00836116	0	71	0.0191136	-0.0235164	0.0394413	-0.0676535	0.0154474	0.0441701
926_927	-0.0327498	-0.00453627	0	70	0.0219823	-0.0294617	0.0151137	-0.00562191	0.00461734	-0.0192662
932_933	-0.0313216	0.0115453	0	32	0.00243956	0.00268176	0.00117424	-0.00390826	0.0207776	0.00902649
929_930	-0.0313557	0.00996789	1	59	-0.00341914	0.0252153	-0.0174495	-0.000498531	-0.0176973	0.0274946
930_931	-0.0340238	-0.0155984	1	43	0.00432514	0.00119838	0.00195648	-0.0178113	0.0536699	0.0130229
937_938	-0.0331337	-0.0146047	1	48	-0.0247378	0.00094608	0.0259136	0.0473119	0.0272738	-0.018257
938_939	-0.0310548	0.010804	0	62	-0.0145807	0.00622675	-0.0194157	-0.0151813	-0.0131477	-0.0191948
944_945	-0.0319051	0.00773266	1	40	-0.0196627	-0.0175913	-0.0325778	-0.0146068	-0.00015842	0.0164601
939_940	-0.030138	0.0328508	0	72	-0.00134527	0.0254697	0.034182	-0.0127605	0.0280743	0.0134663
946_947	-0.0318392	-0.004585	1	42	-0.00982569	0.0334146	-0.00256764	0.00803565	-0.00279565	0.0118667
943_944	-0.0310937	0.00901008	0	77	0.0151497	0.0359193	0.0222402	0.00965898	0.0034286	-0.0122466
947_948	-0.0332737	-0.0149914	0	29	-0.0129747	0.0138684	-0.0168059	0.000779574	-0.00690223	0.00550808
940_941	-0.0249965	0.0749161	0	71	0.00939238	-0.115247	-0.0393661	0.0263712	-0.114903	-0.0234906
949_950	-0.0301398	0.0232157	0	31	0.0143695	0.0131683	0.0146231	0.0251192	0.0275346	0.0393479
945_946	-0.0285635	0.0445629	0	30	-0.00997592	0.0141493	0.0309067	-0.0055296	0.00421219	-0.0115965
950_951	-0.025454	0.0678328	0	66	-0.00778057	0.0137377	0.000909429	0.0161147	0.019022	0.00657666
941_942	-0.0314001	0.00629488	1	68	-0.000120374	0.0246368	-0.00252229	-0.00439038	0.0335613	-0.0211443
942_943	-0.0248611	0.0786428	1	64	-0.0133685	-0.00628168	-0.000238876	0.045705	0.0165983	0.00745608
955_956	-0.0327211	-0.00353861	0	44	-0.00647366	-0.00375795	-0.00688314	-0.0182809	0.0348404	0.00109242
961_962	-0.033602	-0.0105813	1	62	-0.0183058	0.0178485	0.00466837	0.00421915	0.0154979	-0.00263941
951_952	-0.0353696	-0.0358258	1	20	-0.0256979	-0.00650318	0.0263312	-0.0133117	-0.00682141	0.0106177
960_961	-0.0309093	0.0278079	1	73	-0.0473632	-0.253286	-0.168057	0.0850644	0.0509039	0.035316
957_958	-0.0334118	-0.0147739	0	27	0.0166996	0.00678329	-0.0109519	-0.0241724	-0.00589281	0.0301145
952_953	-0.0269309	0.0502689	0	73	-0.0151797	0.00612567	-0.0196861	0.0155907	0.00842963	-0.0406666
959_960	-0.0347061	-0.03138	1	19	-0.000111333	-0.00936885	0.00434878	-0.0210976	0.00594308	-0.0258303
962_963	-0.0323457	0.00326195	0	57	-0.0227776	0.0152856	-0.0112459	0.0113397	-0.0225049	-0.00533435
956_957	-0.03521	-0.0335569	0	45	-0.018896	-0.00834329	0.0312053	0.015667	0.0226165	0.0504523
954_955	-0.0333622	-0.0144146	0	31	-0.00226918	0.0069297	-0.00929337	0.00909784	0.0160479	-0.0114078
953_954	-0.0329652	-0.00827491	0	65	-0.00034263	0.0187188	0.0332091	0.0213157	-0.0123553	-0.00720328
958_959	-0.0340446	-0.016359	1	78	-0.0476528	-0.361679	-0.175751	0.0873783	0.0548639	0.0149621
476_477	-0.033427	-0.0155986	0	53	-0.00764244	0.0250109	0.00584413	0.00412606	0.0260502	-0.0233299
475_476	-0.0346471	-0.026024	0	36	-0.00314849	-0.0209726	0.051164	0.000823134	-0.0383414	-0.0456132
520_521	-0.032852	-0.00225902	0	69	0.0137728	-0.0125899	0.0088396	-0.00195853	0.0329267	0.0138591
384_385	-0.0306712	0.0236452	0	61	0.0414689	-0.0204386	-0.0194018	0.0169164	0.0109024	-0.0242254
557_558	-0.0301433	0.0181283	1	64	-0.0418169	0.0110481	0.0191699	-0.0276416	-0.0389183	0.0342115
564_565	-0.0227972	0.0826074	0	80	-0.0226881	0.00611798	-0.0159066	0.0243147	-0.0139255	-0.0223425
560_561	-0.0315134	0.00966591	0	72	-0.00866813	0.0321119	-0.00260382	0.0147068	0.0168426	-0.00242244
477_478	-0.0317547	0.00218982	1	53	-0.040158	-0.190732	0.14187	-0.225215	0.00251335	0.137102
491_492	-0.0313514	0.0032334	0	41	-0.0114597	-0.00185112	0.00735625	0.00976261	0.0142854	0.0315497
565_566	-0.0323272	-0.00680986	0	57	-0.0138005	0.0221502	0.00282245	0.00621498	-0.0231869	-0.0103023
500_501	-0.0324391	0.00273803	0	59	0.0103261	0.0208303	0.000952216	0.0015397	-0.0209439	-0.0136546
522_523	-0.0334746	-0.0147826	1	62	-0.00405694	0.0160927	0.0379101	0.00798203	-0.00034651	0.00914736
519_520	-0.0285651	0.0306454	1	75	-0.0100267	0.00235337	-0.0120023	0.00259829	0.0274739	-0.0277134
501_502	-0.0347486	-0.0266833	1	64	0.00475211	0.0426779	0.0136946	0.0182222	-0.000720108	0.0245377
241_242	-0.0311025	0.00543565	1	79	-0.00938743	-0.00852126	-0.0367279	0.0392473	-0.00282339	0.0309519
192_193	-0.0294389	0.0256194	1	58	-0.0116138	0.0619801	-0.0102324	0.00903129	-0.0508181	0.017882
203_204	-0.0312062	0.00462773	0	59	0.00679718	0.0476683	0.0115004	-0.00814337	0.0383113	-0.0218067
198_199	-0.0331336	-0.0163069	1	27	-0.0224949	-0.0374937	-0.0386848	0.0201238	0.0224305	0.0399342
240_241	-0.0290588	0.0359987	1	68	0.0141574	0.0150201	-0.0120528	-0.0096658	0.00882879	0.00601102
196_197	-0.0297125	0.0230523	0	72	0.00425462	0.0148238	-0.00435326	0.00681378	0.000786852	0.00970005
197_198	-0.0319422	-0.00131482	0	60	-0.0148992	0.00691174	0.00509956	0.0125666	0.000922962	0.0441173
204_205	-0.0301026	0.0192086	0	60	-0.0176251	0.00453971	-0.0368697	0.00844426	-0.00172592	0.019765
194_195	-0.0306832	0.0104167	1	46	0.00423568	0.0162908	0.033143	-0.0148014	0.00685224	0.00915663
202_203	-0.0328111	-0.0170894	1	49	0.011535	0.00310846	-0.000229006	-0.0113031	0.0110295	0.0503113
201_202	-0.0320818	-0.00190794	0	39	-0.00907512	-0.0173449	0.00425671	0.0310001	-0.00999918	0.0136926
200_201	-0.030896	0.0102841	0	53	-0.0329025	0.0325713	0.0275773	0.00320257	0.00935598	-0.00578244
199_200	-0.0331071	-0.011824	1	63	0.0974283	-0.0139575	0.0390892	0.0120817	-0.00195017	0.0574969
193_194	-0.0243461	0.0679065	1	63	0.0085312	-0.0196832	0.0247712	-0.026425	0.00726863	-0.0164377
729_730	-0.0328371	-0.00197816	0	46	-0.0280722	-0.00835566	-0.0297643	0.00779256	0.00876875	0.00933586
744_745	-0.0322525	-0.000507414	0	63	0.0163406	0.0207695	-0.0173883	0.0155933	-0.000290529	-0.0190203
742_743	-0.0317714	0.00899753	1	32	0.00391526	0.0330954	-0.035098	0.00673128	0.113382	-0.0221246
745_746	-0.0309305	0.0118603	0	72	-0.00914491	0.00744405	-0.00503908	0.001113	0.00433712	0.00920571
839_840	-0.0324074	0.00192836	1	72	0.012146	-0.0242586	-0.0139854	-0.0430824	0.0107572	0.0133836
983_984	-0.0353456	-0.0389932	1	62	-0.00536361	-0.00509725	-0.00462043	-0.00354402	-0.0198645	-0.0206927
730_731	-0.0330195	-0.00460485	0	71	0.0673748	-0.00168036	-0.00344097	-0.0225877	-0.000695003	0.0341688
748_749	-0.0321163	0.00482464	0	48	0.0100233	0.01565	-0.0113782	-0.0240221	0.0408844	0.0188803
746_747	-0.0340231	-0.0227101	1	81	-0.0220842	-0.00265473	-0.0159319	-0.0178438	-0.0176761	-0.0294798
747_748	-0.0335856	-0.0131775	1	48	0.0130182	-0.0172637	0.00438294	0.00387313	0.0244282	-0.00686144
733_734	-0.0302372	0.0263122	1	82	0.00650944	0.00292402	-0.00946431	0.026505	-0.034797	0.000218444
818_819	-0.0321083	-0.000155568	0	89	0.00820509	0.00847279	-0.00488787	-0.00344225	-0.00956737	0.0195149
984_985	-0.0348843	-0.0333683	1	60	0.0241634	0.0320721	0.0368989	0.00724953	0.00108308	-0.0257531
749_750	-0.0340819	-0.0188051	1	79	-0.0211422	0.0261306	-0.00334136	0.0151626	0.0177596	-0.0214401
750_751	-0.0320423	0.00286055	1	75	0.00728632	0.0127371	0.0201635	0.0171097	-0.0301583	0.0127912
800_801	-0.0332037	-0.0111743	1	37	0.00446122	0.0107219	0.0101803	-0.0152873	-0.00258693	0.00223639
799_800	-0.0331166	-0.0142087	0	70	-0.00667919	0.0133747	-0.0168246	-0.0179666	0.000502397	0.00447005
795_796	-0.0333714	-0.0130354	1	73	-0.00989019	-0.00662105	-0.0265164	0.0133432	0.00108772	0.024923
814_815	-0.0334982	-0.0237196	1	79	0.0201764	-0.0185469	-0.0201748	-0.000562699	0.018838	-0.00057705
797_798	-0.0313733	0.0105173	1	75	-0.00151274	0.0140841	0.00242784	-0.00484762	0.00399107	-0.000691137
815_816	-0.0304384	0.0230226	0	72	-0.00206985	0.000197137	-0.0150108	0.00247781	0.0197774	-0.0156184
794_795	-0.0322609	0.00348589	0	39	0.0184562	0.00115078	0.00506993	-0.014293	-0.0191119	-0.0127223
821_822	-0.0300173	0.0301004	0	90	0.0346567	-0.00193104	-0.00639769	-0.0400473	0.0116662	0.0176215
796_797	-0.0333212	-0.00862095	0	64	-0.00760905	0.0100439	-0.0295563	0.0118977	0.0148814	0.0219831
840_841	-0.0322637	-0.000560641	1	75	-0.0124014	0.024484	-0.00508139	0.039308	-0.00622257	0.00385601
801_802	-0.0334556	-0.011514	1	76	0.109665	-0.0148304	0.0293696	-0.0109131	-0.0153288	-0.0259682
798_799	-0.032534	-0.00398105	0	60	-0.0345188	0.00683027	-0.0408118	-0.0356298	-0.0470184	0.0402975
822_823	-0.0334675	-0.0111365	1	86	-0.00737932	0.019147	-0.0286531	0.000502748	-0.0192079	-0.0159881
