691_692	-0.0356626	-0.0060239	0	66	-0.0116491	-0.0058545	0.0155667	-0.0203301	0.0109989	0.0422648
693_694	-0.027976	0.0309345	1	88	0.0210559	-0.0135992	0.0186906	-0.00859359	-0.0316366	0.0329206
688_689	-0.0364643	-0.014109	0	66	0.103825	-0.0198488	0.0193778	0.0283098	-0.00350615	0.0131769
683_684	-0.0345086	-0.00170132	0	78	-0.0114176	0.00746324	0.0262887	0.00750869	0.00677356	-0.0105577
684_685	-0.0370672	-0.0139942	1	75	0.00419306	0.0173592	-0.002865	-0.00872134	-0.0407931	-0.00303071
686_687	-0.037367	-0.0158014	0	69	0.081935	-0.0095342	0.0269311	0.0078522	-0.0123125	-0.0118207
689_690	-0.0399206	-0.04106	0	59	0.0243369	-0.0098709	-0.0012961	-0.0351045	-0.000871198	-0.00518518
687_688	-0.0347839	-0.00405667	1	63	-0.0329788	-0.0213545	0.00456323	0.00617151	0.00018657	0.024318
690_691	-0.0405936	-0.046109	0	68	-0.0223456	0.0211268	-0.00940221	0.0136709	-0.00460739	0.0185458
685_686	-0.0377646	-0.0196527	1	75	0.019077	0.00787119	0.0143975	-0.0171582	0.00350354	-0.00524592
692_693	-0.0387982	-0.0259228	1	62	-0.0233709	-0.00604267	-0.0104307	0.019727	0.0197276	0.00494607
682_683	-0.0384572	-0.0234154	0	73	-0.000117709	0.00787649	0.0279494	0.0276665	0.00231172	-0.0125925
825_826	-0.036259	-0.00655716	1	65	-0.0100664	-0.00757269	-0.0124502	0.0259432	0.0032504	0.0209515
823_824	-0.0358913	-0.00917263	1	75	-0.0849748	-0.0929327	0.192983	-0.0419033	-0.0120866	-0.199667
829_830	-0.0332658	0.00786468	0	66	0.00032312	0.00342344	0.000169073	0.0306845	0.0145696	0.017314
832_833	-0.0265803	0.0402403	1	71	0.0465238	-0.0322514	0.0310281	0.00680964	0.00593587	-0.0140054
831_832	-0.0263288	0.0413286	1	68	0.00344356	-0.00344337	-0.000184703	0.00499919	-0.00255449	-0.00987836
827_828	-0.0248104	0.0426041	0	71	0.0212142	0.00859638	0.00330315	0.0090861	0.0371301	0.00549696
830_831	-0.0345889	0.00541642	1	68	-0.0203964	0.0075738	-0.00842962	0.0155123	0.00245743	-0.0237069
824_825	-0.0318969	0.0159974	0	66	-0.0201934	-3.59427e-05	-0.0157726	0.0562522	0.00247112	0.0184361
842_843	-0.0367378	-0.00585794	1	75	-0.0317277	0.021313	-0.000994816	0.0192865	0.0387454	0.00397123
843_844	-0.0345649	0.00631861	0	62	-0.011175	0.0362431	0.0269132	0.00625552	0.0204032	-0.0397536
826_827	-0.0335707	0.00984498	1	69	0.0359456	-0.0245567	-0.00159266	0.0199113	0.00546636	0.0328911
847_848	-0.0379078	-0.015322	1	74	0.0196494	0.00380825	-0.018384	0.0158335	-0.0193125	-0.0247328
836_837	-0.0402004	-0.0371945	0	72	-0.0279078	0.0147044	-0.00689543	0.020813	-0.0138407	0.0186554
990_991	-0.0313616	0.0208617	1	69	-0.0390424	0.0128087	0.00210885	-0.000644614	0.00379713	-0.00311147
835_836	-0.0412988	-0.0486419	1	64	-0.0340321	0.0248058	-0.00672768	0.0172272	0.0237975	0.0254312
848_849	-0.0284428	0.0338745	1	84	0.000628562	0.00332162	0.0134741	-0.00719406	0.0258892	0.0518266
989_990	-0.0273552	0.0368953	0	61	-0.00581515	0.00592631	-0.00381594	-0.00849071	0.0259265	0.00351008
997_998	-0.0333009	0.00684996	0	68	-0.0248827	0.000855543	0.0171601	-0.0133021	0.00717194	-0.024575
834_835	-0.0377655	-0.0188246	0	64	0.0261193	-0.00380217	-0.00370872	0.0184268	-0.00420159	0.00362833
849_850	-0.0358114	-0.00189743	1	81	0.0109545	0.0314627	-0.00306205	-0.00773158	0.0117856	-0.0102203
985_986	-0.0235735	0.0473598	1	76	0.0179763	0.000967287	-5.72872e-05	0.0358167	0.0182433	0.00197965
851_852	-0.0383365	-0.0208136	1	66	0.0152207	-0.000805505	-0.00403626	0.0183945	0.00161726	-0.0170582
845_846	-0.0371752	-0.0134217	0	81	0.0416642	0.0150844	0.0187841	0.00907635	-0.0127901	0.00857145
850_851	-0.0387155	-0.023464	0	64	-0.0178653	-0.000848918	0.016169	-0.00667397	-0.0232215	0.0299798
846_847	-0.0265909	0.0374159	1	77	0.00457117	0.00810673	0.0230054	0.0153399	0.0259043	0.00846318
852_853	-0.0336394	0.00406517	1	65	0.00797107	-0.0153182	0.00230547	0.0149297	-0.0240718	-0.00856223
999_1000	-0.0173311	0.0584931	1	62	0.00689578	0.00838503	0.0121947	0.0283455	0.029838	0.0098675
996_997	-0.036589	-0.0125819	1	68	-0.0278443	0.0290744	-0.00975973	0.0286662	0.00380013	0.00598209
995_996	-0.0384164	-0.0227193	1	71	-0.0567249	0.0522607	-0.0192777	0.0282064	0.0116115	0.0467878
812_813	-0.0353535	-0.00126202	1	51	0.00266406	0.0352256	-0.0463926	-0.0138762	0.0228451	0.00167865
994_995	-0.0327931	0.0049269	1	66	0.11943	-0.00803117	0.0356067	-0.00858989	-0.0219786	-0.0455114
991_992	-0.0395213	-0.0320135	1	76	-0.0603317	0.020502	-0.00618159	0.0111345	0.00754761	0.0374879
992_993	-0.0335219	0.00955279	1	63	-0.0174389	-0.00315534	6.37286e-05	-0.0162997	0.0283366	-0.0345023
998_999	-0.0268214	0.0349224	0	71	-0.0153906	-1.58633e-05	0.0235425	0.0242821	0.000765088	-0.0364188
811_812	-0.0372951	-0.0154857	0	50	0.019802	-0.0138328	-0.0129283	0.00276687	-0.000117301	-0.00602045
810_811	-0.040595	-0.0408091	1	77	-0.0159562	0.0267127	-0.012038	0.00665487	-0.0216293	-0.00541579
986_987	-0.0371349	-0.0142223	0	69	0.0175833	-0.0141035	0.00308738	0.00957661	0.025011	0.0179212
993_994	-0.0350792	-0.0013636	0	69	-0.0210348	-0.00152506	0.00397599	-0.0269177	-0.0208509	-0.0372239
857_858	-0.0291954	0.0260114	1	59	0.00299579	0.0123771	2.80607e-05	-0.00530058	0.0140995	-0.0220827
1003_1004	-0.0381015	-0.0212683	1	58	-0.00415733	0.0195568	-0.0204675	-0.0115058	0.0265699	-0.0212753
1002_1003	-0.0407818	-0.044722	0	73	0.0146313	0.0111132	-0.00654884	-0.0175726	0.00619177	-0.00241137
854_855	-0.0370564	-0.0117171	0	74	0.00145703	0.00803631	0.000123499	0.0212892	0.0275808	-0.0199976
855_856	-0.0325605	0.0140221	1	22	0.0383295	-0.00369374	0.0145266	0.000739263	0.00612843	-0.0220141
1004_1005	-0.0384013	-0.0233678	1	74	0.0322342	0.0324366	0.00130026	-0.00376696	-0.00487559	-0.0266903
858_859	-0.0360407	-0.00293697	1	53	-0.010535	0.0166729	-0.0297747	-0.03523	-0.0322204	0.0119572
1000_1001	-0.0367848	-0.00935874	1	73	0.0262173	-0.0386263	0.0122064	0.0698855	0.0122858	0.116265
1001_1002	-0.0392335	-0.0315239	1	57	-0.0547921	-0.00266965	0.00599171	-0.00670068	0.0176005	0.026826
987_988	-0.0405406	-0.0428637	1	74	0.0179813	-0.00149809	0.0228475	-0.0326538	0.00235513	0.00958104
856_857	-0.0381217	-0.0199418	1	60	0.00847947	0.0141267	-0.0124638	-0.0184053	-0.0023511	-0.0115189
853_854	-0.0417861	-0.0544989	1	59	-0.0173336	0.00622964	-0.0232211	-0.0101242	-0.00223632	0.0010894
988_989	-0.0384365	-0.0223704	1	81	0.00019848	-0.00213674	-0.0218196	-0.0241973	0.0254032	-0.00066626
859_860	-0.0259042	0.0403181	1	46	-0.0130987	0.0145834	0.0148452	0.0139141	0.00465476	-0.00695818
802_803	-0.0387351	-0.0241788	0	70	0.0780832	0.00444939	0.0192203	-0.00887996	-0.0199468	-0.0232021
804_805	-0.039346	-0.0291843	0	53	0.0818496	-0.00642403	0.0364153	0.0174213	-0.00692618	0.0224784
891_892	-0.0399438	-0.0376328	1	57	0.0381939	0.0036215	-0.000893681	0.00923834	-0.0247739	-0.0270597
865_866	-0.0411526	-0.0482176	1	66	0.110211	-0.00384994	0.0426896	-0.00330181	-0.0351623	-0.0194433
1007_1008										
861_862	-0.0388465	-0.0267696	1	67	0.0152074	-0.0180769	-0.0111775	-0.0107297	-0.0133597	0.00249824
862_863										
860_861	-0.0388858	-0.0254796	1	49	-0.0127787	0.0237301	-0.0106212	-0.0299159	0.000500222	-0.0154611
864_865	-0.0356608	-0.0025202	1	61	0.0201637	-0.0233191	-0.0162551	0.00975754	0.011554	-0.00349672
1006_1007										
803_804	-0.0412206	-0.0471801	1	54	-0.0311665	0.0113699	-0.0343015	0.0110146	0.0173931	-0.0257972
863_864	-0.04062	-0.0384083	0	69	0.0248241	0.00564751	0.0185329	0.0365845	0.00740856	0.00596682
890_891	-0.0390769	-0.0314752	1	65	-0.0244198	-0.00260223	-0.0108296	0.0140493	0.00342773	0.0199807
1005_1006	-0.0182512	0.0495846	0	66	-0.0105117	-0.00177737	0.000599084	-0.0215598	0.0383429	-0.0134986
1009_1010	-0.020986	0.0450359	1	72	-0.00564907	0.00520513	-0.0120359	-0.0136133	0.0159599	-0.0109294
805_806	-0.0383287	-0.0220058	0	57	-0.0349399	0.0199397	-0.0107154	0.00242515	0.0236218	-0.0134432
1010_1011	-0.0291669	0.0257274	1	71	-0.0471928	0.0334904	-0.0339696	-0.0398123	0.00765855	-0.026595
1008_1009	-0.0393302	-0.0311741	0	71	0.0170382	-0.0305225	-0.0221569	-0.0121007	-0.0263961	-0.0117939
893_894	-0.0396437	-0.0328604	1	67	0.0494024	-0.00394623	0.0134193	0.00912361	-0.0215686	0.00825406
806_807										
892_893	-0.0411234	-0.0490257	1	79	-0.0258594	0.0314509	-0.0144765	-0.0148117	0.0040082	-0.0182602
1011_1012	-0.0225077	0.0460923	1	67	0.0338068	-0.0137513	0.0223754	0.0129452	0.0435858	0.0448548
1014_1015	-0.0282862	0.0281229	1	70	-0.0115892	-0.00628999	-0.00360901	0.0236358	0.0139718	0.00488687
808_809										
809_810	-0.0358861	-0.00512895	1	49	-0.000444374	0.0123739	-0.0224319	-0.0383337	-0.0258263	-0.0709325
1012_1013	-0.0191528	0.0477776	1	70	0.00027888	-0.00062494	-0.00854037	-0.00555571	0.024453	0.0253667
807_808	-0.0238617	0.045829	1	35	-0.0142384	0.0152833	-0.0137241	-0.0125164	-0.0130469	-0.0522435
1021_1022	-0.0307386	0.0214621	1	75	-0.00214972	-0.0170491	-0.0123827	0.017053	-0.0183832	-0.0300692
1016_1017	-0.0395911	-0.0363551	0	68	-0.0436904	-0.0164744	-0.00786408	-0.00263716	0.0386001	0.014435
1023_1024	-0.0293367	0.027423	1	60	-0.014725	-0.00332995	-0.00826789	0.000936454	0.039075	0.0517833
1018_1019	-0.0326526	0.0107208	1	68	-0.0107472	0.0348189	-0.0132414	-0.0110518	0.0192582	-0.00126386
898_899	-0.0166932	0.045954	1	63	-0.0197146	0.0239489	-0.0332562	-0.00488585	-0.0368	-0.00228551
1019_1020	-0.0381984	-0.0237185	0	69	0.0220009	-0.00649415	-0.0017825	-0.00547948	0.0214032	-0.00987389
894_895	-0.0297216	0.0202077	0	75	0.0108432	-0.00114915	-0.0110558	-0.00526779	0.0349595	-0.0144324
899_900	-0.0352878	-0.00654486	1	91	-0.0187448	0.010799	-0.0562815	-0.0181626	-0.0163309	-0.0286263
896_897	-0.0393156	-0.0287091	1	64	-0.00294515	0.0138751	-0.000995972	-0.00171192	0.025469	-0.0222428
1022_1023	-0.0351169	-0.00104006	1	68	0.013126	0.00405819	-0.00558929	0.00111833	0.00325992	0.0220756
900_901	-0.0354956	0.000177488	1	77	0.0228842	-0.0507855	-0.0123302	0.0277547	-0.06094	0.0243847
1015_1016	-0.0377597	-0.0169423	0	67	0.00146377	0.0222082	-0.0266282	0.0188274	0.0477235	-0.00761436
1020_1021	-0.0305	0.0195282	1	80	-0.017651	0.0154407	0.0203187	-0.0192687	-0.00420734	-0.0312751
901_902	-0.0349588	0.000601412	0	21	0.00527544	-0.0051867	-0.0212376	-0.00360623	-0.00695156	-0.00616097
1031_1032	-0.0380377	-0.0232315	1	72	0.00751714	0.00404004	-0.0250753	-0.0229105	0.00819802	0.0256939
1032_1033	-0.0415336	-0.0563651	0	59	-0.0249064	0.0299098	-0.00140123	-0.00820282	0.011668	-0.00412105
1025_1026	-0.0412169	-0.0521644	1	57	-0.00212663	0.0149687	0.0135305	-0.0419698	0.0354889	0.0158796
1028_1029	-0.0337468	0.00517565	1	72	0.0006267	0.00174883	0.00467758	-0.0167051	-0.0356234	-0.016615
904_905	-0.0373116	-0.0197259	1	66	-0.0051816	0.013554	-0.0194141	0.00852669	-0.0475695	-0.000785659
1029_1030	-0.0253825	0.0377834	1	72	-0.00130694	0.0100401	-0.030809	-0.0261941	0.0534334	-0.0195094
905_906	-0.0358346	-0.00663614	1	56	0.0117112	-0.00203848	0.00913374	-0.0372081	0.0194387	0.0293109
903_904	-0.0186271	0.0558623	1	66	0.0131128	-0.0411307	0.0511219	-0.028076	0.0371005	-0.0423226
1024_1025	-0.0417489	-0.0570034	1	70	0.0931516	-0.0142781	0.0283577	0.0287986	0.00932535	0.0231465
1026_1027	-0.0415262	-0.0563951	1	75	-0.00703958	0.0233888	-0.0105955	-0.0204184	0.0440324	0.00808372
1027_1028	-0.040875	-0.051966	1	70	0.0213562	0.00328044	-0.00786836	0.0180689	0.0163589	-0.00901817
1030_1031	-0.0412031	-0.0543194	0	60	0.0758858	0.000597831	0.0310961	0.00740078	-0.0190098	0.0732789
1033_1034	-0.0285691	0.0321083	1	61	0.0280606	-0.0183966	0.0235888	-0.0367679	-0.00457308	-0.0247542
902_903	-0.0418749	-0.0604613	0	80	0.0239811	-0.0104243	0.00509313	0.00417235	0.0194434	-0.0236462
912_913	-0.0420988	-0.0577087	0	73	-0.0157754	0.0137182	0.00379915	0.0221129	0.044458	0.0282051
1036_1037	-0.0384764	-0.0227356	1	78	0.0843179	-0.00031144	0.0354136	0.0062643	-0.0218348	-0.011204
907_908	-0.0270373	0.037533	1	71	-0.0188873	0.0135966	0.012727	-0.00984203	0.00276469	-0.024109
1039_1040	-0.0357486	-0.00332496	1	75	-0.0105961	0.0179996	-0.00594188	0.0470769	0.020971	0.0359027
911_912	-0.0388315	-0.0241982	1	65	0.0041315	-0.0196184	-0.0138091	0.00631775	0.01379	-0.00214246
906_907	-0.0406877	-0.0438958	0	71	-0.00134863	-0.00722227	-0.0109634	-0.0263516	-0.0592341	0.00322882
909_910	-0.034977	0.00043051	1	63	-0.0297523	0.0183741	-0.0165233	-0.00821239	-0.0234337	-0.0286994
1038_1039	-0.0229484	0.0491075	1	61	0.0185123	0.0220684	-0.00746176	0.00386334	-0.0194635	0.00946796
1037_1038	-0.0392398	-0.0287027	0	58	0.0851849	-0.0186958	0.0362532	0.0196994	-0.0417846	0.0146096
908_909	-0.0340486	0.00686356	1	63	0.0146787	0.00844162	-0.0515752	-0.05244	-0.0706312	0.0304036
910_911										
1035_1036	-0.0402245	-0.0367253	1	70	-0.0076871	-0.0031126	-0.0386261	-0.0476425	-0.00428046	-0.00732604
1040_1041	-0.0362026	-0.00595401	1	72	-0.043029	-0.0026687	-0.00143814	-0.0225619	-0.0252956	-0.0166203
1034_1035	-0.0405851	-0.0455619	1	64	-0.0410101	0.0479588	0.00560003	0.0613846	0.0301293	-0.0341663
871_872	-0.0338795	0.00957925	0	85	0.0197617	0.000452033	0.0150158	-0.00041185	-0.00705279	0.0134924
1042_1043	-0.03906	-0.028959	1	57	0.0138277	0.000115019	-0.0215377	0.00282495	0.0102594	-0.006504
868_869	-0.0349224	0.00403027	1	87	0.0250911	-0.00402309	-0.0179125	-0.0143324	0.00318043	0.0232449
872_873	-0.033404	0.0110698	1	81	0.0191322	0.00948951	-0.0286904	0.0186078	-0.0113191	0.0437533
915_916	-0.0335944	0.0101259	1	73	0.0160038	-0.0238877	-0.0131416	-0.00644808	0.0386246	-0.020844
869_870	-0.0291416	0.0308501	1	85	0.0189135	0.00924312	0.000429797	0.0207473	0.00456059	0.0322026
914_915	-0.0397104	-0.03184	1	87	0.017928	0.00664815	-0.0102889	-0.0305764	-0.0303501	-0.00200392
917_918	-0.0271913	0.0341964	0	86	0.0341968	0.0013396	0.0181181	-0.0145296	0.00586747	-0.0115598
916_917	-0.0390027	-0.0255682	1	72	-0.000424461	0.0208593	-0.0192214	-0.0073061	0.00708567	-0.00249365
867_868	-0.0363729	-0.00395744	1	72	0.00197055	-0.00167706	0.0392923	-0.0234737	-0.0177667	-0.00244152
870_871	-0.0380433	-0.0221863	1	71	-0.0139065	-0.112392	-0.070379	0.030971	-0.0608451	-0.0239912
694_695	-0.0315378	0.0182748	0	24	0.00572436	0.00298991	-0.020836	0.0108302	0.00149266	0.0304043
1041_1042	-0.023853	0.0408535	1	72	-0.000575758	0.00753822	-0.0169123	0.00522998	0.00807785	-0.00784283
662_663	-0.0398568	-0.0397313	0	81	0.0350453	0.0273936	0.00289047	0.00757126	-0.0031537	-0.0157027
695_696	-0.0351122	-0.00432991	1	72	-0.0312527	-0.0598939	-0.0698818	-0.0230932	-0.16721	0.00904305
699_700	-0.0274505	0.0271091	1	65	-0.00889952	0.00294847	0.0286474	-0.0462276	-0.0444587	-0.00716527
701_702	-0.0306016	0.0188209	1	73	-0.0155443	0.0172531	-0.0725514	0.00719124	-0.00718153	0.0221694
661_662	-0.0384758	-0.028872	0	78	-0.0107112	0.0167365	-0.00207328	-0.00529036	0.0458505	0.00468226
664_665	-0.0336561	0.00460894	1	56	-0.0220668	0.00873028	0.0170899	0.00808691	0.00363586	-0.00815279
704_705	-0.0393532	-0.0348849	1	88	-0.0122277	0.0214745	0.00965882	-0.00612109	0.026442	-0.00195082
696_697	-0.0403089	-0.0448427	1	81	0.00038419	-0.0107041	-0.00393165	-0.0236329	0.0856813	0.0262489
663_664	-0.0350089	-0.00509776	1	89	0.025624	0.00742562	0.00995771	0.00382507	0.00287306	-9.46512e-05
702_703	-0.0273603	0.0329413	1	84	-0.0251782	-0.0280338	-0.00303831	0.0144563	-0.00416928	0.0571095
700_701	-0.0402818	-0.0427637	1	71	-0.0450217	0.0180556	-0.0325573	-0.00647924	0.00585373	-0.010944
697_698	-0.0368248	-0.0130281	1	85	-0.00342141	-0.00256975	-0.013351	0.015014	0.00722979	-0.0352443
883_884	-0.0288253	0.0334894	1	74	-0.0144198	0.0248448	0.0264671	-0.00769352	0.00624243	0.0251186
918_919	-0.0320911	0.0180868	0	75	0.0526401	0.00829246	0.0378252	0.00924282	-0.0102857	-0.0182746
880_881	-0.0326968	0.0117814	1	81	0.0226419	0.0216288	-0.00127883	-0.0137698	-0.0129954	9.59013e-05
877_878	-0.0372102	-0.0109113	1	66	0.0203816	-0.0176341	0.011157	0.00799192	0.0427006	0.0161769
873_874	-0.0215715	0.0554723	0	71	0.0564761	0.0115914	-0.000459155	0.0028303	-0.00814861	-0.00250277
878_879	-0.026157	0.0415083	0	85	0.0139086	0.0165704	0.00616351	-0.0162356	0.0443657	-0.0143041
884_885	-0.0255792	0.0448483	1	87	0.00792378	-0.0234017	-0.018247	0.0271547	-0.00597658	0.0366882
876_877	-0.0388522	-0.0260276	1	76	-0.0366897	-0.00139841	-0.0372503	-0.0218548	-0.00989787	-0.00167031
875_876	-0.0355726	-0.00112228	0	77	-0.0263624	0.00464807	0.010168	-0.0121357	0.00406243	-0.0344983
881_882	-0.0300411	0.0281306	0	76	-0.041881	0.00285055	-0.00410491	0.0275243	0.0339681	-0.0144101
885_886	-0.0372947	-0.0154679	1	87	0.00762342	0.0186646	0.00836995	-0.0267656	0.0100337	-0.00230592
879_880	-0.0375706	-0.0145977	0	83	0.00139271	0.0251722	-0.0279202	-0.00258951	0.0270832	0.0197016
882_883	-0.0338117	0.00769591	0	79	0.000595648	0.00350023	-0.00422158	0.0132263	-0.0262687	-0.00421777
874_875	-0.0303342	0.0277934	1	66	-0.0359317	0.00079568	-0.00492776	0.00925417	-0.0226414	-0.0114883
378_379	-0.0218525	0.0360943	1	22	-0.0196334	-0.0932245	0.0147103	0.00598459	0.045132	-0.0511774
886_887	-0.0384041	-0.021174	1	70	-0.00228628	-0.0139461	-0.00548688	-0.0278571	0.00971936	0.00020059
376_377	-0.0386367	-0.0258248	0	79	-0.00768576	-0.00507907	-0.0138141	-0.0117493	-0.0318277	-0.00412457
888_889	-0.0360472	-0.00504062	0	83	0.00661152	-0.0102064	-0.00337702	-0.0299636	-2.20198e-05	0.027234
887_888	-0.037396	-0.0146762	0	68	-0.0129659	0.033786	0.0154628	0.0195152	0.00971491	-0.00217312
379_380	-0.0321129	0.0193258	1	51	0.00723928	0.0197813	-0.0041914	0.00198597	0.000773088	0.0249838
377_378	-0.0261086	0.0365979	1	38	-0.0137218	-0.0128697	-0.027134	-0.0377464	0.00182945	0.0040166
372_373	-0.030353	0.0253333	1	49	-0.00925956	0.00839459	-0.0159706	-0.0112743	0.000128809	0.000470141
370_371	-0.0173547	0.0580987	1	26	-0.0191057	-0.00808652	-0.00465721	0.0249633	-0.0317369	0.0423829
371_372	-0.0186115	0.0595378	1	41	0.00458712	-0.00632574	0.00865631	-0.03458	0.088234	0.0246415
374_375	-0.0364222	-0.0109963	1	50	-0.00539806	0.0206855	-0.0263586	0.0279452	0.0308672	-0.0125025
373_374	-0.0379215	-0.0224683	1	78	0.00194012	0.0261286	-0.0533804	-0.0796095	0.000596029	-0.0143049
889_890	-0.0384955	-0.0242158	1	81	0.0115245	0.00313063	-0.022739	0.0126672	0.00506762	0.0302379
301_302	-0.0386795	-0.0258067	1	88	-0.0215848	-0.00329539	-0.00216854	0.0247676	-0.00335627	-0.00762715
380_381	-0.038912	-0.0269757	0	79	-0.0263143	-0.0275067	-0.000534133	0.0386417	0.000618495	0.0386538
303_304	-0.0117409	0.0570848	0	85	0.0169194	0.0161803	-0.0039509	0.00330975	0.0254349	-0.00444167
294_295	-0.0387871	-0.0260159	1	54	-0.0329356	0.0170039	0.0196654	0.0213226	-0.0139167	0.00513334
296_297	-0.0390501	-0.0296326	1	80	-0.0483546	0.0110736	0.00875243	0.0294801	-0.0132343	-0.0315175
299_300	-0.0343028	0.00105852	1	95	0.0047627	-0.000807654	-0.0175099	-0.0320672	0.00537255	0.00388839
302_303	-0.0359775	-0.00866317	1	83	-0.0196097	0.0284484	-0.0115443	0.0231261	-0.0173759	0.00653053
305_306										
298_299	-0.0298389	0.0230977	0	74	0.0896726	-0.00157525	0.0368117	-0.00622073	-0.0192867	-0.0193707
304_305	-0.0338965	0.00721651	1	68	0.0279948	-0.000402887	-0.00761789	0.0270464	0.0142368	-0.0289268
293_294	-0.0410518	-0.0496058	1	86	0.0101041	0.0109839	0.0248878	0.026663	0.00049668	-0.0169731
297_298	-0.0265756	0.0343023	0	82	0.000617799	-0.0236636	-0.0117785	-0.013809	-0.00144828	0.00729664
295_296	-0.0272842	0.0317642	0	87	-0.0513676	0.0320312	-0.0312497	0.0283479	-0.00559254	0.0111385
309_310	-0.0412821	-0.0510711	0	75	-0.00703396	0.00827966	0.00778869	0.00360973	-0.017268	-0.0127046
314_315	-0.0381644	-0.0218206	1	80	-0.0253336	0.0362773	0.0106463	-0.0124005	0.0289784	0.0386703
315_316	-0.0422154	-0.0618999	0	80	0.0123367	-0.00657847	0.0239808	0.00575111	0.0444104	-0.0116969
311_312	-0.03687	-0.0156659	1	88	0.00845214	-0.0174807	-0.0100037	0.00212378	0.0104478	0.00371094
316_317	-0.0417828	-0.0561244	1	76	0.0320404	-0.00919808	0.0281747	0.0194751	-0.00999422	-0.00189089
308_309	-0.0396304	-0.0328657	1	79	-0.0241933	0.00280223	0.0153234	-0.00706097	-0.0102482	-0.0209566
306_307	-0.0393741	-0.0310193	1	80	-0.002419	-0.0162072	0.0102324	0.0141222	0.0196009	-0.0288449
317_318	-0.0363603	-0.0104884	1	66	0.113599	-0.00445018	0.0418527	-0.013687	-0.0334239	-0.0425011
292_293	-0.0412631	-0.0509496	1	76	-0.0141102	0.0417565	0.0154862	-0.00220625	-0.0278847	0.013763
313_314	-0.040815	-0.0451914	1	33	-0.0137107	0.00655261	0.00135787	-0.0527878	0.0217266	-0.00513033
307_308	-0.0321231	0.0198797	1	91	0.207999	-0.00528026	0.0936548	-0.00615748	-0.0465176	-0.04438
318_319	-0.0400108	-0.0395051	1	88	-0.00315338	-0.0225342	0.00380277	-0.00395143	0.044065	0.0350558
312_313	-0.0397973	-0.0361186	1	84	-0.0162202	-0.00435498	-0.0179938	-0.0251339	0.0227258	-0.00598459
310_311	-0.0243984	0.0390034	1	80	-0.00393766	-0.00502824	-0.016629	-0.00706631	-0.00771737	0.0132088
320_321	-0.0410084	-0.0526077	1	89	0.0196917	0.0149599	-0.00593786	0.00752285	0.0179738	-0.00874521
1047_1048	-0.0340336	0.00494879	1	71	-0.00826217	0.0107311	0.011355	0.0107128	0.029769	0.013144
1045_1046										
325_326	-0.0268654	0.0345169	1	66	0.01089	0.0213186	-0.00118118	0.00840413	0.00628365	0.0198142
322_323	-0.0345351	-0.00216954	0	90	-0.0294191	0.00828018	0.00983544	-0.000630009	-0.02825	0.0180212
1043_1044	-0.0332102	0.00897209	0	71	0.013284	0.0216981	0.0135209	-0.00274402	-0.00541442	-0.0200409
1046_1047	-0.0214461	0.0453813	1	62	0.00992099	-0.0282403	0.00417233	0.0141721	-0.0340915	0.00578317
326_327										
323_324	-0.0376155	-0.0158705	1	77	0.003721	0.0346912	-0.0154447	-0.0145803	0.00125063	0.0326986
1048_1049	-0.0367272	-0.0188989	1	64	-0.0105927	-0.00322869	-0.0243806	-0.0255664	-0.0113485	-0.0135912
324_325	-0.029121	0.0252977	1	97	0.0241529	-0.019263	0.00915326	0.012636	0.0101835	0.0300298
321_322	-0.0245175	0.0459602	0	76	0.034613	-0.00224792	-0.0218961	-0.0149118	-0.0375313	0.00878177
319_320	-0.0397122	-0.0402246	1	84	-0.0378118	0.00669865	0.00136619	-0.023079	-0.0217919	-0.0286151
1044_1045	-0.0325103	0.00769916	1	65	0.0310903	-0.0292503	-0.00184067	-0.0226174	-0.00757804	0.0338112
1052_1053	-0.0371483	-0.0160074	0	75	0.00514259	0.0234406	0.0117903	-0.000578852	0.00200612	0.00729546
332_333	-0.0378974	-0.0199527	1	62	-0.00228323	0.0113611	-0.0222206	-0.0368628	-0.0326809	0.0137719
1055_1056	-0.0385761	-0.0248537	1	71	0.00764389	-0.0296002	-0.0220928	0.0184962	0.0326615	0.0405865
331_332	-0.0243052	0.0451421	1	24	-0.0228436	0.0135701	-0.0200047	-0.0055821	0.020625	0.0211093
1054_1055	-0.0309764	0.0216336	1	75	-0.0508317	0.0145416	-0.00208644	-0.0116994	-0.00806499	-0.0245417
327_328	-0.0246358	0.0442538	1	23	-0.00052061	0.0140237	0.002232	-0.00277117	0.00410723	-0.0234485
1051_1052	-0.0159676	0.0653965	1	63	0.00826683	-0.00760997	-0.0161617	0.0216352	-0.00425339	0.00896301
1057_1058	-0.0365083	-0.00991112	0	71	0.0161506	-0.0104229	0.0068135	0.0104458	-0.0297432	-0.00879872
333_334	-0.0348111	0.00340235	0	51	-0.010544	-0.0215342	-0.0193912	0.00326087	-0.00610895	-0.0207835
1053_1054	-0.0257571	0.0426494	1	62	-0.0286618	0.0074092	-0.00842186	0.00654467	-0.0147286	-0.0297955
1049_1050	-0.0390831	-0.0299819	1	61	0.111654	0.0164298	0.0329738	-0.0363907	-0.00268168	-0.0352393
1056_1057	-0.0396316	-0.0333887	0	68	-0.0152221	0.00124225	0.00992935	0.0243092	0.031107	0.000446972
1050_1051	-0.0388304	-0.0313554	0	57	0.0263982	0.00212504	-0.0154946	-0.0121316	0.0222754	0.0147982
330_331	-0.0370322	-0.0121155	1	63	-0.0123297	0.032039	0.00552929	0.0224235	0.00497317	-0.0227459
334_335	-0.0240511	0.0510378	1	60	0.121467	0.0124711	0.0359246	-0.0479126	0.00413332	-0.052792
1065_1066	-0.0187958	0.0533232	1	65	0.0332028	-0.0147085	0.00963901	-0.014527	-0.0081721	0.0178501
924_925	-0.0271182	0.0357658	1	39	0.0580014	-0.0152602	-0.00561933	-0.000161527	-0.0218375	-0.00457147
1064_1065	-0.023717	0.0388761	0	70	0.128043	-0.0348597	0.0482594	-0.0453458	-0.0815402	-0.0618124
922_923	-0.0295998	0.0231169	0	36	0.0386508	-0.00786954	0.0183405	0.0330255	0.0265671	0.0189639
1058_1059										
1063_1064	-0.027654	0.0289846	0	77	0.000449449	-0.00552352	-0.0149307	0.0115882	0.00389151	-0.00812523
920_921	-0.0376318	-0.0163118	0	41	-0.0109425	0.0163906	0.00668104	-0.0125844	0.0212387	-0.0229384
921_922	-0.024618	0.0357333	1	76	-0.0338989	-0.00409173	0.0218449	0.0097811	-0.0282057	0.0405067
1059_1060	-0.0384153	-0.0234399	0	70	-0.0536826	0.0282268	-0.0398119	-0.0177897	-0.0153588	-0.00412642
1060_1061	-0.035681	-0.00430184	1	59	0.00475815	-0.00184423	-0.00677456	-0.0177964	0.00250999	-1.24614e-05
1061_1062	-0.0397877	-0.0351199	1	62	0.00186829	0.011952	-0.0195083	-0.0190668	-0.00397581	-0.00153947
923_924	-0.0416643	-0.0559745	1	38	0.0165297	0.0261568	-0.00647337	-0.0109206	-0.0256708	-0.00857102
759_760	-0.0291838	0.0285043	1	71	0.0153777	0.0367973	-0.0211766	-0.0164844	0.0102214	-0.00878893
753_754	-0.0320872	0.015033	1	88	-0.00332964	0.0133191	-0.0147561	0.0033705	0.0368	0.0224735
755_756	-0.0250662	0.0434179	1	66	0.0236937	-0.0292237	0.0150689	0.00630697	0.0355357	-0.017789
754_755	-0.0383352	-0.0290924	0	78	-0.0129599	-0.00808282	0.013068	0.0107006	-0.0169624	0.00702402
1062_1063	-0.025072	0.0400914	1	59	0.0212532	-0.00092233	0.0184587	0.0156998	-0.00900319	-0.00350659
770_771	-0.0349772	-0.00284248	1	55	0.0136337	0.00101226	0.013733	0.0034585	0.030427	0.0148099
757_758	-0.0321201	0.0138146	1	88	-0.000653706	-0.00139966	0.00119143	-0.041793	-0.0204145	-0.0375455
756_757	-0.0296262	0.0279709	0	66	-0.0240283	0.00977281	-0.00996125	0.00312829	0.0219833	0.0167394
760_761	-0.0373366	-0.0171132	1	55	-0.0104571	0.00562373	0.00511897	-0.00369497	0.016614	-0.031786
769_770	-0.0238416	0.0437886	1	62	-0.0228724	0.0200085	-0.00434296	0.00816236	0.00804638	0.00594574
762_763	-0.0336093	0.00290399	1	32	-0.00433156	0.012533	-0.00412199	-0.0126347	-0.0128559	0.0116615
761_762	-0.0143119	0.0537453	1	69	-0.0436902	0.0244915	-0.021823	0.0169188	0.0177248	-0.0221996
758_759	-0.0161122	0.061771	0	75	-0.00149218	0.0261531	-0.0100561	-0.0232919	0.00578607	-0.0304701
291_292	-0.0377654	-0.01852	1	67	0.00669775	0.00863529	0.00270589	0.0182136	-0.0110806	-0.00215846
771_772	-0.0177123	0.0616831	0	66	-0.0273753	0.0155503	-0.0128238	0.00726198	-0.00123898	0.00270235
764_765	-0.0342984	0.00343925	1	65	-0.00150114	0.00477813	-0.00796909	0.0100287	-0.00109978	0.0215974
766_767	-0.028536	0.0277589	0	41	-0.0077401	0.0102962	-0.0192663	0.0208365	0.0299718	0.00885065
772_773	-0.0388354	-0.0262207	1	52	-0.0339607	0.040935	-0.0340625	-0.00826619	-0.0147185	0.00282271
773_774	-0.0377273	-0.0181411	1	61	0.037479	0.00701326	0.00515939	0.00183653	-0.00898406	9.41013e-05
765_766	-0.0334177	0.00936342	0	72	0.0261334	0.00163426	0.00959475	-0.0132994	0.0161356	0.01044
767_768	-0.0358877	-0.00332279	1	47	0.00602003	0.0262306	0.0394787	-0.0116259	0.0202673	-0.0192017
774_775										
776_777	-0.0324892	0.0175076	0	74	-0.00667217	-0.00179881	0.00164032	0.0182002	0.0288502	-0.0024332
786_787	-0.0318949	0.00970488	1	76	-0.145118	-0.0563023	0.191761	0.153512	-0.217927	0.073805
787_788	-0.0296927	0.0268463	1	62	-0.00132424	-0.0177384	-0.0123179	0.011114	0.00296066	-0.00855508
782_783	-0.0180126	0.0505663	1	73	-0.00513545	-0.021418	-0.00140896	0.029347	0.00661342	0.00543
790_791	-0.0389726	-0.0326585	0	76	-0.0404579	-0.0241651	0.00963344	0.00664522	-0.0116448	0.020473
788_789	-0.0349455	-0.0023921	0	73	0.0146949	0.0151504	0.00651675	0.0250469	0.0231338	-0.00930096
783_784	-0.0305899	0.0263622	1	79	-0.0211014	0.00181492	-0.0325118	-0.0386588	-0.0319584	-0.0251033
791_792	-0.0274844	0.0304672	0	40	-0.015603	-0.0123816	-0.00132323	-0.038291	-0.00534549	-0.0317864
781_782	-0.0389088	-0.0291903	1	76	0.00808657	-0.00920677	-0.00427574	-0.00645251	-0.0199872	0.018319
784_785	-0.0328844	0.0103993	1	60	0.00105242	0.00132789	-0.0274154	0.000983113	0.00658242	0.00895219
779_780	-0.017163	0.0555587	0	52	0.0433628	-0.0314283	-0.0520038	0.0073346	0.0371234	-0.0595103
780_781	-0.0324803	0.0139957	1	60	-0.00804568	0.00700985	-0.0258245	-0.00337684	-0.0105901	0.00569712
789_790	-0.0337497	0.00438249	0	61	-0.0109822	0.00391142	-0.0230567	-0.021339	-0.0423405	0.0164541
669_670	-0.0374206	-0.0159378	0	64	0.0248482	-0.00357192	0.00233001	0.0154862	0.0114778	0.00216964
668_669	-0.0356143	-0.00237416	1	69	0.0345609	-0.00120792	-0.00877253	0.00728421	0.0171129	-0.00967933
707_708	-0.0409362	-0.0491211	0	71	-0.0479961	0.0128865	0.135107	-0.0386764	0.0466285	-0.241623
705_706	-0.040635	-0.0442723	1	88	-0.0161771	0.0440367	0.0292925	0.0175847	0.0149046	0.0315086
711_712	-0.0373545	-0.0157576	1	22	0.103394	-0.0111548	0.0349991	-0.0122137	-0.0216644	-0.03304
709_710	-0.0392773	-0.0292307	0	24	0.0394705	-0.00648507	0.013558	0.0116511	-0.00693837	0.00839429
667_668	-0.0392522	-0.0330612	0	76	-0.0258021	-0.0113659	-0.00126877	0.0458223	0.00393111	-0.00399935
665_666	-0.0345493	0.00411563	1	53	-0.0042087	-0.00609481	0.0015532	-0.0043013	0.00538974	0.00155905
666_667	-0.0390191	-0.0261807	1	63	-0.00210366	0.00138504	-0.017357	0.00068022	0.019431	0.0237935
708_709	-0.0322976	0.0127752	1	63	-0.00693568	0.0172923	-0.0224558	-0.0302949	0.00488043	-0.00508054
670_671	-0.0404257	-0.0400661	0	83	-0.0116648	-0.0104243	-0.000839901	-0.00221595	0.000743751	0.0217028
706_707	-0.0394776	-0.03305	1	88	-0.00803539	0.0483467	-0.0259557	0.00660002	-0.0483734	-0.0235952
446_447										
793_794	-0.0214714	0.0580575	1	78	-0.00920625	-0.0186144	0.0181702	0.000363409	0.0242349	-0.0157502
458_459	-0.0271565	0.0298103	1	84	0.0349551	-0.0226161	-0.00990091	-0.0141422	0.0361213	0.0354201
405_406	-0.0335561	0.0083331	1	70	-0.0183609	-0.016004	-0.00411691	-0.000579249	0.0317506	-0.0085967
457_458	-0.036286	-0.00593046	0	73	-0.0601773	0.0466138	-0.185373	-0.244275	-0.184755	-0.0302724
454_455	-0.0327452	0.0117294	0	79	0.0196829	0.0110164	-0.00161043	-0.0297969	-0.0193639	-0.00157353
406_407	-0.0346929	0.00104653	1	59	-0.0540528	0.000765581	0.00926658	0.0162698	-0.0235498	0.0208454
456_457	-0.036488	-0.00791003	0	76	-0.00224535	0.00430134	-0.00527703	-0.00801646	-0.0186869	0.0571683
445_446	-0.0245095	0.0422943	1	83	0.0163054	0.0155954	-0.00751721	-0.00485122	-0.0158423	0.00957079
453_454	-0.0310392	0.0189734	1	85	0.0255773	0.00406913	-0.0209727	-0.00765466	0.00101321	-0.017687
455_456	-0.0358134	-0.00751019	1	80	0.00705263	0.000297967	-0.0251017	0.0171037	0.0316612	-0.000699643
443_444	-0.0153299	0.0609485	1	29	-0.0376161	-0.0786186	-0.0373157	0.0469747	0.0552718	0.0096006
459_460	-0.0294817	0.0300239	1	87	0.0142034	0.000291517	0.0163587	-0.0163665	-0.0109383	0.00754648
431_432	-0.0258256	0.0295147	1	78	-0.0204062	-0.00885921	-0.0267346	0.024538	0.0565316	0.000878687
433_434	-0.0291427	0.03035	0	80	0.0276699	-0.0344728	-0.00216171	0.015129	-0.0115345	-0.00368867
451_452	-0.0279061	0.0300407	0	89	-0.0601715	0.00713495	0.016106	0.0219562	0.0136743	0.0394465
447_448	-0.0271309	0.0357527	0	66	0.0597207	-0.00297059	0.0334541	0.0212736	-0.00359409	0.0714669
461_462	-0.0201479	0.0422691	1	61	0.0169727	0.0045249	-0.00508878	-0.00630112	-0.00822627	-0.00237378
463_464	-0.0276687	0.027192	1	86	-0.0632633	-0.0609733	0.102069	0.0127051	-0.0730522	-0.106774
450_451	-0.0367813	-0.0120701	0	84	-0.00868522	0.0119542	0.00349881	0.00490235	0.00327523	-0.0186132
460_461	-0.0254206	0.0372192	1	58	0.0182452	0.0201277	0.00167479	-0.0092156	-0.00773257	-0.047712
448_449	-0.0215299	0.046602	1	82	0.00229169	0.0235787	0.00465571	-0.0286456	0.0423948	0.0129523
462_463	-0.0336022	0.00615438	1	83	-0.0161299	0.0290183	0.0168999	0.0560048	-0.0357681	0.00588858
452_453										
449_450	-0.0261572	0.0335985	1	85	-0.00291493	-0.00612513	-0.0494541	0.0168285	0.00733318	-0.0077652
432_433	-0.0335203	0.00562945	0	78	-0.00156945	0.00321556	-0.0260453	-0.047757	0.0340683	0.0356806
464_465	-0.033415	0.00652397	1	76	0.00690681	-0.00570122	-0.0230548	0.00857205	-0.0080404	0.0154948
363_364										
366_367	-0.0334845	0.00620576	0	35	-0.0248288	-0.00459563	-0.00918509	0.0014846	0.0145175	0.0233448
364_365	-0.039118	-0.0305763	1	42	0.00478361	0.0151062	-0.00123527	-0.0208129	0.00138861	-0.0353159
437_438	-0.0242981	0.0420515	1	21	0.0370609	0.000270552	-0.00107067	-0.00759791	-0.0106294	-0.011155
367_368	-0.0225026	0.0433955	1	65	0.012116	0.00817577	-0.0122505	-0.00919254	0.00434128	0.0296504
438_439										
361_362	-0.0323432	0.0139195	1	56	-0.0419198	-0.0738321	0.0869881	-0.179454	0.0793535	0.0270499
435_436	-0.0204764	0.0552388	0	67	-0.000669214	-0.0154976	-0.0214503	0.00749049	0.0103438	-0.00968215
360_361	-0.0184484	0.0556365	1	46	-0.0170844	1.6973e-05	0.00495383	0.0204118	-0.00321798	-0.00942348
439_440	-0.037018	-0.0135164	0	71	-0.0250787	-0.00715154	-0.0203481	-0.0196913	0.0134278	0.0273971
436_437	-0.0255931	0.0407774	0	45	-0.0275431	-0.0213601	-0.00444514	-0.00735755	-0.0175319	0.00598168
365_366	-0.0349875	0.00111045	1	67	0.000583603	0.0222835	-0.030969	0.00765732	0.0220928	0.00475731
434_435	-0.0323361	0.015135	1	78	-0.0142399	-0.0129978	-0.0263338	-0.00582283	0.0297001	0.00608896
426_427	-0.0206321	0.0524749	1	63	-0.0212602	-0.0180511	0.00937342	-0.000890707	-0.0393422	-0.016236
359_360	-0.0354481	-0.003787	0	58	-0.0960598	-0.0731972	0.124985	0.111404	-0.100488	0.021572
441_442	-0.0324224	0.0109001	0	70	0.00356419	0.0206554	-0.0135549	0.00530297	0.00647011	0.0365282
424_425	-0.0286225	0.0304272	1	78	-0.0286234	0.0268567	-0.0181183	0.00409811	-0.0356387	0.0109856
425_426	-0.0262481	0.0306528	1	50	-0.0109476	-0.0057911	0.0356388	-0.0030222	0.0410287	0.0376699
357_358	-0.029783	0.0296755	1	39	-0.0195556	0.000840132	-0.0109551	0.0111767	-0.000490313	-0.00922012
358_359	-0.0365885	-0.0156274	1	52	-0.153424	-0.0395036	0.189331	0.185705	-0.207993	0.0628748
356_357	-0.0325611	0.00424182	0	28	-0.0281204	0.00534799	0.020759	0.0417239	-0.0152493	-0.0224819
423_424	-0.0377983	-0.0231594	0	59	-0.0440432	-0.0821713	0.0532991	-0.085882	0.12182	0.0753744
422_423	-0.0259238	0.0435805	1	53	-0.00525465	0.00838006	-0.00218686	0.00119491	-0.0471605	-0.0134442
428_429	-0.0298831	0.0229782	0	75	-0.0121252	0.0130743	0.0212194	-0.0214986	-0.0293099	0.0136447
429_430	-0.019234	0.0513172	0	87	0.0552939	-0.00797829	0.0141418	0.033857	-0.0287878	0.0309438
427_428	-0.0192225	0.0582091	0	67	0.133462	-0.00714552	0.0479512	-0.0236946	-0.0524025	-0.0461256
398_399	-0.0116343	0.0646606	1	55	-0.0023605	0.0106605	-0.0159718	0.00720528	-0.025363	0.0192123
394_395	-0.0224237	0.052551	0	37	-0.000979481	-0.0209965	-0.00817583	0.0538423	-0.0167246	0.0078144
399_400										
415_416	-0.0399007	-0.0366907	0	80	-0.0269257	0.0309317	-0.0417019	-0.0278848	0.0152909	-0.0271783
418_419	-0.00978038	0.0629382	0	76	0.00120747	-0.00563423	-0.00561685	-0.0509282	-0.00985108	0.00166487
1072_1073	-0.0297622	0.0263883	1	59	0.0517018	-0.00939792	0.0071333	0.00328112	-0.00993001	-0.0140912
368_369	-0.0275779	0.038513	1	36	0.0744075	-0.0131719	0.00868204	0.038342	-0.0278642	0.0100755
419_420	-0.0392996	-0.0299188	1	72	0.0115552	-0.00357534	-0.000681388	0.00803416	0.0314204	0.00811351
1073_1074	-0.0363503	-0.0105797	0	68	-0.0182552	0.0110564	-0.0310678	0.0325939	-0.0103908	-0.00388107
416_417	-0.0187861	0.0583343	0	63	0.114643	0.00929756	0.0556239	-0.00787015	-0.0292955	-0.0697182
442_443	-0.0146508	0.0641652	0	58	-0.00403593	0.0131897	0.00106011	-0.0154177	-0.00793383	0.00648357
396_397	-0.0390601	-0.0304035	1	57	-0.0117583	-0.00274409	-0.00175047	0.0101327	-0.0137947	0.00635274
395_396	-0.0251668	0.0425353	0	66	-0.0391654	0.0185699	0.00275674	0.0240982	-0.00554468	-0.0388385
417_418	-0.0387128	-0.0249655	0	78	-0.0103769	-0.0153469	0.00555452	0.0184074	0.00764179	0.00659058
347_348	-0.0135913	0.0640363	1	49	0.00300146	-0.0127806	-0.000358394	-0.0198312	0.039517	0.0225789
402_403	-0.0281404	0.0338988	0	66	-0.0383126	0.00342425	0.0316426	0.0462823	0.0173361	0.0172142
1071_1072										
390_391	-0.0279922	0.0320124	1	78	0.0119159	-0.0200065	-0.0237482	0.00342835	-0.0068159	0.0106701
412_413	-0.0364837	-0.0103722	0	85	-0.0463858	0.0108868	-0.00645531	0.0234144	0.0375454	0.00994894
414_415										
403_404	-0.0342858	0.00363385	1	65	0.0238042	-0.00429332	0.00998029	0.0168496	-0.00256409	-0.0196838
388_389	-0.0240863	0.0490825	1	62	0.0105252	0.0156281	-0.0137263	0.00741199	-0.0293028	0.0202242
387_388	-0.0386488	-0.0251045	0	65	-0.0262608	0.00910881	-0.00190727	0.0173691	0.000938492	-0.0200408
400_401	-0.0240273	0.0448394	0	46	-0.0104936	0.0287467	-0.00894205	-0.00899518	0.0156878	-0.0301268
413_414	-0.0201825	0.055167	1	24	0.0177597	0.0128278	-0.00289958	-0.011772	-0.0101504	0.00958124
389_390	-0.0224231	0.0517303	0	81	0.0342091	0.0311573	-0.000421684	-0.0135398	0.0168772	0.00503773
410_411	-0.0208835	0.0468106	0	61	0.00452336	0.00565703	-0.0155395	0.0155809	-0.0336051	-0.011998
1070_1071	-0.0325459	0.013349	1	71	0.0348506	0.010408	0.0139078	0.0188007	-0.0298297	-0.0137961
498_499	-0.030651	0.0198439	0	71	-0.0376356	0.00932934	-0.0298959	0.0353646	-0.00924209	-0.0278199
335_336	-0.0155231	0.0585651	0	71	-0.0054507	0.00674735	-0.0159012	0.000523207	0.0167604	0.0203023
494_495	-0.0273465	0.0390085	1	24	-0.0353208	-0.0081372	0.00427658	0.00278258	0.00634005	-0.0198087
411_412	-0.0283063	0.0316731	1	49	0.0644687	-0.000792363	0.0160275	0.0338424	-0.025175	0.0131323
404_405	-0.0316148	0.0149564	1	64	0.00207188	-0.000701881	0.0229349	0.00196922	0.0398349	0.0253945
1066_1067	-0.0208226	0.0564084	1	71	-0.0224418	-0.00499742	0.0119763	-0.018173	0.00317817	0.0251697
497_498	-0.0237548	0.0496291	1	31	-0.00435128	0.0312471	0.00348466	0.00310793	-0.0161434	-0.0432933
342_343	-0.0250369	0.0430808	0	80	-0.0315403	0.00468255	0.0100998	-0.00302197	-0.00864405	-0.0263764
328_329	-0.0189368	0.052004	0	65	-0.0397543	0.00719886	-0.018993	-0.0213098	0.00440287	0.0311333
329_330	-0.0331973	0.00955974	0	42	-0.0477005	0.053382	-0.00289235	0.0670309	-0.0110653	-0.0326321
409_410	-0.0300809	0.0273271	1	65	0.0203713	-0.0115159	-0.0204488	-0.00558496	0.00959803	0.0160432
489_490	-0.0319639	0.0179721	0	52	0.0166112	0.0165047	0.0198039	0.008035	0.0222498	-0.013057
337_338	-0.0277054	0.0351375	1	42	-0.0229831	-0.00094771	0.0389377	0.00175997	0.0231456	-0.0291982
420_421	-0.0276833	0.0355462	1	75	-0.0129027	-0.0146042	0.00120316	-0.00843696	0.0573153	0.0208683
488_489	-0.0337115	0.0080018	0	56	-0.0051376	-0.018322	0.0146683	0.02225	-0.0432559	0.0120712
340_341	-0.018221	0.0617946	1	78	-0.0214024	-0.000591597	-0.00780022	0.0455536	-0.00636767	0.0060126
336_337	-0.0341914	0.00442695	0	57	-0.0737952	-0.123502	0.178047	-0.0854426	0.0155871	-0.163649
338_339	-0.0328635	0.0128647	0	69	-0.0174071	0.00801055	-0.0151584	0.0175817	-0.0596124	0.00484619
486_487	-0.025425	0.0449287	1	36	0.0118687	0.0197046	0.00600291	0.00254	-0.0777741	-0.00590081
490_491	-0.0319184	0.0189102	0	64	0.0501878	0.00554859	0.00433148	0.00361916	0.00879122	-0.0202811
487_488	-0.0303232	0.0263118	0	67	-0.0171057	-0.0144144	0.00394787	-0.000268051	0.0151368	0.01468
339_340	-0.0336975	0.00926956	0	80	-0.0305268	0.00610175	0.0180033	-0.000431585	0.0108754	0.00799773
421_422	-0.0275157	0.0379683	0	61	0.00986004	0.0119859	-0.00757517	0.00784252	0.000407241	0.0326857
408_409	-0.0218745	0.0497428	1	74	-0.00779352	0.00191253	-0.0040146	-0.0176094	-0.00613654	-0.0112771
496_497	-0.0163691	0.0620127	0	33	0.0490602	-0.209448	-0.186407	0.141142	0.0718698	-0.188002
554_555	-0.0218253	0.0537386	0	80	-4.62456e-05	0.0315368	0.0128294	0.0180214	0.00356734	-0.0062471
485_486	-0.0201482	0.0577624	1	48	-0.0074499	-0.00564709	0.013517	0.00597935	0.0150841	0.0210277
752_753	-0.0352597	-0.00171071	0	54	-0.0385907	0.0117379	0.0169162	0.0168396	-0.048738	0.00221147
552_553	-0.0199329	0.0581641	0	29	-0.00386828	0.0259931	0.0172334	-0.0118138	0.013456	0.00230499
393_394	-0.0358114	-0.00623806	0	56	-0.0187855	0.0145708	-0.0181271	0.010358	0.00614368	-0.0108832
348_349	-0.0123609	0.064933	1	31	-0.0226383	-0.00419274	-0.0164139	-0.0271687	-0.0432676	0.013156
559_560	-0.0225344	0.0555335	0	77	-0.000805052	0.0140085	-0.0201712	0.0129334	-0.0127087	0.00162611
558_559	-0.0264431	0.0428772	1	80	0.00540907	-0.0028119	0.0260254	0.0122221	0.0152428	0.0284259
866_867	-0.0154798	0.0636216	1	67	0.0389584	-0.0197334	0.0273983	0.0216114	-0.00581591	0.0211026
391_392	-0.0204551	0.0563636	1	43	0.0337024	-0.025599	0.0090211	0.00125202	-0.0258395	-0.0132727
553_554	-0.0374851	-0.0153973	0	36	-0.00833742	0.00553751	-0.0198964	-0.0123856	-0.0214727	0.0116212
515_516	-0.0249468	0.044678	0	37	-0.0514577	0.0174792	-0.0256839	0.0188073	0.0369762	0.0109414
516_517										
392_393										
502_503	-0.0177103	0.059936	1	66	-0.0127258	0.0096519	-0.00381368	0.0327183	0.0377246	0.00819278
98_98	-0.0248967	0.0479419	1	28	0.00471547	-0.0039543	0.00824054	0.00630404	0.0356337	-0.00227011
563_564	-0.0197345	0.0563528	0	75	-0.0340533	0.00880738	0.00923591	-0.0162962	-0.01327	-0.00806738
561_562	-0.03122	0.0236009	0	56	-0.0210282	0.0136183	-0.0125111	-0.0335722	0.0119507	-0.01946
503_504	-0.0306127	0.0240064	0	49	-0.0175332	-0.0176138	0.0193702	0.0462929	-0.032975	0.0350806
562_563	-0.0211832	0.0574942	1	71	-0.0141058	0.00222919	0.0073074	0.0117615	-0.0259035	-0.0152576
517_518	-0.0341116	0.00340014	0	68	-0.00258067	0.0362435	0.0276559	-0.00243226	0.0113635	0.0180562
407_408										
492_493	-0.0297955	0.0273437	1	79	-0.0120447	0.015691	0.00230578	-0.0074232	-0.00154205	-0.0226146
493_494										
751_752	-0.021066	0.0553851	1	75	0.0105738	0.0193698	0.0117549	0.00334375	-1.92035e-05	-0.0121302
680_681	-0.0378705	-0.0165959	0	77	0.0100159	-0.00618357	0.000782474	0.0122913	0.0321506	-0.0383351
677_678	-0.0390979	-0.0314908	1	76	0.0227119	0.00898005	-0.0356466	0.0130421	-0.0107528	0.016086
681_682	-0.0243896	0.0483439	1	68	-0.00178748	-0.0102784	0.00432224	0.00461027	0.0163514	0.00153286
716_717	-0.0346845	0.00166496	0	65	0.0104838	-0.0115671	-0.00933391	-0.0140623	-0.00871982	-0.00569523
676_677	-0.0397324	-0.0352218	1	88	0.000991794	0.00304886	-0.0186349	0.0154191	0.00795546	-0.0191622
675_676	-0.0296993	0.0278542	1	73	-0.0360045	0.0194705	0.0208704	0.035658	0.0123037	-0.0297027
673_674	-0.0369468	-0.0133242	0	91	-0.0138194	0.0418649	0.00715279	-0.0181868	0.0155821	-0.0114263
671_672	-0.0406063	-0.0457124	1	81	-0.0108716	0.0294996	-0.0213061	0.010413	0.00979299	0.0087544
715_716	-0.0377969	-0.0185527	1	76	-0.0196568	0.000968322	0.000308854	-0.0185686	0.0286806	0.00910106
679_680	-0.0412776	-0.0496363	1	85	0.0120544	-0.00116523	0.00494648	0.00573655	0.00739095	-0.0184963
719_720										
678_679	-0.0339217	0.00784317	0	83	0.00943944	0.00959966	0.0143263	0.0182577	0.0157238	0.00871609
674_675	-0.0387572	-0.0252127	1	83	0.00251836	-0.00351375	0.00371395	-0.00545147	-0.00533649	-0.0181678
672_673	-0.0406065	-0.039455	0	85	-0.0275634	-0.00750229	0.00103513	0.0235779	0.00106612	-0.027149
102_102	-0.0369183	-0.013693	1	23	-0.0130618	-0.00723368	-0.0568169	-0.0107714	-0.0344768	-0.00318627
482_483	-0.0219306	0.0539972	0	23	0.00355927	-0.00567444	-0.0236837	-0.0280228	0.0129758	-0.00139629
479_480	-0.0335188	0.00671337	0	86	0.0185545	0.0021984	-0.0130451	-0.0126152	0.00821084	0.0056017
484_485	-0.0274098	0.0370127	1	60	0.0117559	-0.0155871	-0.00299451	0.0192501	0.0234048	0.0224645
369_370	-0.0346	0.00204764	1	54	0.00513039	0.0124479	-0.00428144	0.0370335	0.0092436	-1.32839e-05
481_482	-0.0316967	0.0143439	1	68	0.0303603	0.0185011	0.0114883	-0.0021472	0.00129508	0.0161765
383_384	-0.0323668	0.0141065	0	81	0.0265796	0.00171992	-0.0227862	-0.0208639	0.0322657	-0.0132863
478_479	-0.0380347	-0.024039	0	68	0.0211969	0.0186135	0.0239255	0.0223722	0.00099499	-0.0125416
483_484	-0.0386322	-0.0292198	0	71	-0.0122035	0.0564676	0.0471502	0.0531075	-0.0101782	0.0237372
382_383	-0.0339822	0.00423718	1	63	-0.0122435	0.0126966	0.0196317	-0.0227735	0.0643581	0.00672387
99_99	-0.0238653	0.0477219	1	43	0.020125	-0.124124	-0.0875018	0.046741	0.0408955	-0.0918247
480_481	-0.0370952	-0.0157586	0	69	-0.0175029	0.00617597	0.00363956	0.0144117	0.0372758	-0.01818
101_101	-0.0263583	0.042183	1	71	-0.00971832	0.0238865	-0.0165917	-0.00891289	0.00408043	0.024153
381_382	-0.0341187	0.00584298	1	77	-0.00131629	-0.00229673	-0.00740745	-0.00861338	0.0582588	0.0294837
539_540	-0.0293747	0.0294381	0	62	-0.00721724	0.0166697	0.0233312	-0.0150011	-0.0213923	0.0249507
531_532	-0.025123	0.0423575	0	65	0.0203835	0.0006818	-0.00801526	-0.0103421	-0.0329622	0.0247752
105_105	-0.0307506	0.0205425	1	31	-0.0128576	0.00669445	0.0182094	-0.0241368	0.0386154	-0.0180059
505_506	-0.0365068	-0.00829666	0	54	0.0119194	0.0118218	-0.00376488	-0.050013	0.0214761	-0.0061301
530_531	-0.0248803	0.0454529	0	78	0.00107419	0.00608677	0.00013718	0.000239026	-0.0100967	-0.0149787
529_530	-0.0348566	0.00340102	0	78	-0.0646799	0.0384414	0.0148775	-0.0111246	-0.00774267	-0.0239236
532_533	-0.026061	0.0403632	0	79	0.0232734	0.0159324	0.017654	0.000347732	-0.00617076	0.00679865
527_528	-0.0171873	0.05787	0	65	0.09418	-0.0573992	0.0372381	0.0833415	-0.1289	0.291473
104_104	-0.0182034	0.0568374	1	57	0.0250348	-0.0102839	0.00928551	-0.00336455	0.0233564	-0.00657103
533_534	-0.0296308	0.0246213	0	33	-0.0213957	-0.0196409	0.0355795	0.00875993	0.0371412	0.00728634
540_541	-0.0211521	0.0559144	1	53	0.0931507	-0.0100817	0.018245	-0.00926565	-0.0149509	-0.015804
538_539	-0.0214168	0.0517192	1	60	-0.0112802	0.0011251	-0.0148153	0.00963884	-0.00614167	-0.0356402
528_529	-0.0300541	0.0239134	0	68	-0.0378018	0.041617	-0.0290611	-0.000908184	0.0462472	-0.00957576
537_538	-0.0253906	0.0451529	1	53	0.00935564	0.000970931	0.0279656	0.0365976	0.0198436	0.0125484
546_547	-0.0401747	-0.0362801	1	73	-0.0227909	-0.00767907	-0.0151844	0.00648818	0.0172773	0.00772098
542_543	-0.0261906	0.0410804	0	58	-0.0356149	-0.00106713	-0.0130377	-0.00673935	0.00589357	0.023846
544_545	-0.0144685	0.0557615	0	68	-0.0364602	0.00558365	-0.0117331	-0.0361989	0.0462809	0.00447487
545_546	-0.0294494	0.0306934	1	67	0.0287344	0.00131756	-0.000169469	0.0111243	0.0366699	-0.00937684
543_544	-0.0282992	0.0344564	1	72	-0.0195606	-0.0967372	0.0858747	-0.0782693	0.0826387	0.022851
534_535	-0.0379608	-0.0203274	0	88	-0.0727304	0.0307838	0.0164647	0.0216555	-0.00501965	-0.0267414
541_542	-0.018491	0.0586539	1	58	-0.0422198	-0.0480322	0.0262504	0.0151648	-0.0200437	-0.0325427
506_507	-0.0352142	-0.000294497	1	41	-0.0323302	0.0200968	0.0140954	0.0280287	-0.00939932	-0.0234763
524_525	-0.0355292	-0.00328104	0	74	0.0147825	0.0106394	0.0350498	0.00185934	0.00285014	-0.0170064
507_508	-0.040859	-0.0450302	0	66	0.0118357	0.0122194	-0.0216734	-0.0155232	0.0162641	0.0161335
521_522	-0.0374325	-0.0144358	1	57	0.0811931	-0.0105941	0.0521253	0.0238585	-0.0197445	0.0333804
535_536	-0.0228355	0.0415118	1	82	-0.0103786	0.0092414	-0.00782187	0.0276122	0.0280312	0.0134831
536_537	-0.0370201	-0.0107439	0	67	0.00316671	0.00702158	-0.0352363	-0.0587191	-0.098885	-0.0195837
512_513	-0.0336077	0.00508162	1	79	0.0182279	-0.0128503	0.00869989	0.00325553	0.00849522	0.0235367
549_550	-0.0402755	-0.0433459	1	60	0.00916	0.0107895	-0.00752522	-0.00150263	0.0409802	0.0173131
510_511	-0.0405227	-0.0417636	0	84	0.00781627	0.013331	-0.00218908	-0.0157131	-0.00868133	0.0245689
514_515	-0.0405181	-0.0446007	0	90	0.00851001	0.00777602	0.00363874	0.00199316	0.0114832	-0.0035598
511_512	-0.0400417	-0.0421387	0	89	-0.0261296	0.0118211	-0.00450456	0.0313712	0.0187296	0.0409433
550_551	-0.0251547	0.0456421	1	82	-0.0286227	0.00505086	0.0433299	-0.0243743	-0.0220325	-0.017408
509_510	-0.0403541	-0.040288	1	80	-0.0154433	0.00490368	-0.0276621	-0.00885914	0.00327471	0.0248296
551_552	-0.0349448	-0.00314677	1	72	-0.0263523	-0.204146	0.116985	-0.228622	0.00580205	0.161405
547_548	-0.0346891	0.00278941	0	73	-0.0490045	0.000736262	0.0226018	0.0153883	-0.00122661	0.00807104
1068_1069	-0.0372328	-0.0161957	1	72	0.0280537	-0.0316935	0.0215541	7.89243e-05	0.0249004	0.0337816
555_556	-0.0337297	0.00880328	0	77	-0.0121658	-0.00143482	-0.00167162	0.000735212	-0.0206464	0.0104317
513_514	-0.0344532	0.00306583	0	82	0.00959962	0.00720592	0.0198574	0.0150866	-0.0186021	-0.0272814
112_112	-0.0399381	-0.0340036	1	81	-0.00312263	0.0330805	-0.00184618	-0.0108619	-0.00200395	0.0109859
472_473	-0.0281529	0.033458	0	77	-0.0129971	0.0152543	-0.0179106	0.000420107	-0.0109094	0.000498547
469_470	-0.0365903	-0.0121982	0	78	0.00931865	-0.00181889	0.0208259	-0.0108145	-0.0134938	0.00706074
599_600	-0.0321263	0.0155671	1	71	0.024427	-0.000269137	0.0131221	0.0351931	-0.0087993	0.0135231
600_601	-0.0217602	0.0524292	0	39	0.00423441	-0.00870059	-0.00775587	0.0166972	-0.00617961	0.00391811
468_469	-0.0376913	-0.0205626	1	76	-0.0138499	0.00695338	-0.0104302	0.000337917	-0.0115868	-0.00702982
567_568	-0.0303581	0.0261576	0	68	0.00487043	0.00226928	0.00549543	0.0153593	0.0248602	0.00228379
471_472	-0.0354741	-0.00477934	1	65	0.0269069	0.0043079	-0.0176408	-0.0199772	0.0103372	0.0072699
466_467	-0.0354817	-0.00311384	1	85	0.0244354	-0.0218825	-0.0151262	-0.0256691	-0.0161983	-0.0263734
467_468	-0.0392173	-0.0352252	1	74	-0.00788604	0.0148207	-0.0101772	-0.0383816	-0.0219391	0.00663245
525_526	-0.0260973	0.0382549	1	78	-0.00355655	0.0369374	0.0231281	0.0227549	-0.00365582	0.0020505
566_567	-0.0245472	0.0452672	0	58	-0.00595599	0.0249169	-0.00211213	-0.00316818	-0.0047344	0.0026001
570_571	-0.0360933	-0.00929991	0	59	0.00122639	0.000787613	-0.0139503	-0.0169829	0.0461649	-0.0014052
569_570	-0.0292401	0.0259605	0	69	-0.0895702	-0.0979218	0.201224	-0.0406894	0.0237707	-0.211236
572_573										
116_116	-0.0288209	0.0323158	1	77	-0.00840805	0.00397375	-0.0185829	0.0128294	0.0241828	-0.0251712
110_110	-0.0392177	-0.0330144	1	84	-0.0307931	0.00549067	-0.00801481	-0.00866233	-0.00587827	-0.0154274
117_117										
473_474	-0.0380584	-0.022884	1	72	-0.00484921	0.0258557	-0.0605429	-0.0149615	-0.0383392	-0.0106575
107_107	-0.0290628	0.0304144	0	85	0.0226129	0.00135383	1.00187e-05	-0.00446472	0.0199703	-0.023336
114_114	-0.0328749	0.00715424	1	72	0.00333936	0.00602408	-0.0165768	0.00954743	-0.00159541	-0.0135333
111_111	-0.0365914	-0.0142884	1	69	-0.0252558	0.00210421	-0.0111064	0.00656745	0.0294271	0.015134
108_108	-0.0271228	0.0321508	1	67	0.0362223	0.0193979	-0.000725001	-0.00126658	-0.00244393	-0.0285595
474_475	-0.032429	0.0168308	1	79	0.021381	0.00364001	-0.0183595	0.0216679	0.0176889	0.00784535
109_109	-0.0369746	-0.0120505	0	84	0.0175075	0.0101281	0.00684417	0.0289091	-0.00831219	-0.0194495
571_572	-0.0133525	0.0623354	1	84	-0.0143757	0.0115512	-0.00563277	0.0422976	-0.0192122	-0.0156597
106_106	-0.040156	-0.0418524	0	80	-0.0256265	-0.0358193	0.00267549	-0.047667	0.0232689	0.0265511
604_605	-0.0313288	0.0204774	1	81	-0.0324069	0.0148499	0.014123	0.0214495	-0.0240993	-0.0149112
605_606	-0.0369063	-0.0103151	1	41	-0.0181707	-0.0140952	0.0145869	0.0402864	-0.0201089	0.0122911
575_576	-0.0337443	0.0075831	0	50	0.0129148	0.00813729	-0.024613	-0.0134982	-0.00807499	0.0137839
606_607	-0.0198972	0.055511	1	71	-0.034832	0.00436338	-0.0322129	0.00698998	0.00508414	0.0103375
1075_1076	-0.0329704	0.0098481	1	57	0.0404348	0.0473594	0.0270042	0.0203259	-0.0460728	0.0355733
602_603	-0.0176389	0.0594658	0	70	-0.016902	0.0480473	-0.0207291	0.00306393	0.069632	0.00113709
574_575	-0.0220144	0.0482814	1	24	-0.00268894	0.0218849	-0.000640301	0.0189607	0.000785522	0.00407684
603_604	-0.036037	-0.00840221	0	87	0.0809945	-0.00946723	0.0183015	-0.0199136	-0.0301293	-0.0301875
621_622	-0.0302799	0.0195585	0	91	-0.0100197	-0.0041315	0.00150176	-0.00131426	0.00755136	-0.0127984
573_574	-0.0263113	0.0375152	1	26	0.0257826	-0.00501016	0.0249163	0.0156666	0.0204373	-0.000721416
548_549	-0.0396445	-0.0364767	1	40	0.0135663	0.00983568	0.0148692	0.0231282	0.0351743	-0.0133574
1074_1075	-0.0400271	-0.0408785	1	69	-0.0150257	-0.00854244	-0.00671435	0.0250976	0.0208037	0.0249685
1076_1077	-0.0247485	0.0448466	0	73	0.00032602	0.0118916	0.0175252	0.00947908	0.0122527	-0.0240929
608_609	-0.0393566	-0.0357587	0	67	-0.00362768	0.0044214	0.00659039	0.0157284	-0.00523754	0.00749874
612_613	-0.0377129	-0.0208534	0	83	0.0169826	-0.0111853	0.0043394	-0.00305616	-0.00201309	-0.0250649
616_617	-0.039314	-0.0306379	1	53	0.0593634	5.10598e-05	0.0166356	-0.0039106	-0.0179138	-0.0111643
619_620	-0.0262865	0.0409306	1	22	0.0064268	-0.00884478	-0.00718018	-0.00444888	-0.0214486	-0.0153681
617_618	-0.0165205	0.0540412	1	62	0.00527633	0.0046805	-0.013576	-0.0161014	0.00200432	0.0179912
620_621	-0.039401	-0.0321187	1	35	0.0565723	0.0062101	0.0026155	0.0159353	0.0262679	0.0173304
609_610	-0.023372	0.043557	0	62	-0.0041176	0.0101705	0.0218991	-0.00441038	-0.000117782	0.017536
610_611	-0.0387022	-0.0254309	0	63	-0.00216581	0.0186213	0.0104976	0.00916843	0.00912369	-0.0266698
614_615	-0.0339106	0.00726947	1	67	-0.0298824	0.00353878	0.0266122	0.00374734	0.0111784	0.000343254
607_608	-0.0168711	0.0579817	1	77	-0.0202611	-0.0375082	-0.0106131	-0.0153649	-0.0303769	-0.0033748
613_614	-0.0359268	-0.00647018	1	78	0.0223596	0.0052649	0.0324208	0.0147128	-0.0135767	0.0270787
611_612	-0.0396896	-0.0339932	1	76	0.0257938	-0.0261062	0.0202987	0.0107121	-0.0147714	0.0473715
615_616	-0.0363286	-0.00759322	1	58	-0.0298062	-0.00601186	-0.00708489	-0.00190189	0.0331299	-0.0259861
618_619	-0.0404066	-0.0417049	1	30	0.0421694	-0.0136984	-0.00955623	-0.0139217	-0.00459662	0.0127634
577_578	-0.0349072	0.0017982	0	72	0.00882796	-0.00501751	-0.00103197	0.0132055	-0.00247495	0.0173008
637_638	-0.0340282	0.00558037	0	87	-0.00803167	0.00419521	-0.00910754	-0.0488136	0.0100075	-0.0341378
508_509	-0.0365496	-0.0128031	0	79	0.0953292	0.00365908	0.0348657	0.000390106	-0.0311672	-0.0398228
578_579	-0.032291	0.0131207	1	22	-0.0182181	-0.0100966	0.0365248	-0.0318754	0.0454309	-0.00417875
499_500	-0.0389548	-0.0319687	1	77	-0.00205201	0.0114935	0.0143971	-0.00742893	0.0255062	-0.0411042
504_505	-0.0385822	-0.0277009	1	85	0.00280607	0.0271426	-0.0189914	-0.0289774	-0.00386668	0.0136637
636_637	-0.0364738	-0.0101957	0	75	-0.0232377	0.0102631	-0.0108507	-0.0430029	0.0508181	0.0253161
576_577	-0.0400056	-0.03837	1	70	-0.00677726	0.000432115	-0.015383	0.0215679	-0.0118465	0.0112289
623_624	-0.0351901	-0.00499315	1	74	-0.00762302	0.0173227	-0.0155805	-0.0139441	-0.00513118	-0.00720676
622_623	-0.0372223	-0.0140152	0	86	0.016656	-0.0036129	0.0086922	0.0143202	-0.0332107	0.0064809
638_639	-0.0352968	-0.00146939	1	68	-0.0121013	0.0128612	-0.00366392	-0.00748652	-0.00135872	0.0251253
470_471	-0.0292586	0.027396	0	83	-0.00930726	-0.209627	-0.0638947	-0.0147065	-0.0735625	0.00385763
970_971	-0.0388285	-0.0289933	1	58	0.0211598	-0.00230239	0.00511531	0.0114806	0.00415149	-0.0119379
739_740	-0.0384366	-0.0227085	0	80	-0.0224068	0.0470337	-0.0616955	-0.0459409	-0.0196975	-0.0113258
722_723	-0.040927	-0.0478647	1	81	-0.00347122	0.0373409	-0.00192182	0.0377779	0.0252386	0.0117127
718_719	-0.0396214	-0.0330872	1	80	0.0296683	-0.00796514	-0.0217405	-0.00422816	-0.00738647	0.00560422
743_744	-0.0346605	0.00280981	1	60	-0.012702	-0.0108197	-0.0116884	-0.00581063	0.0127309	0.0114321
971_972	-0.0388235	-0.0258513	1	62	0.00776717	0.0324993	0.0144673	-0.0260669	0.0184215	-0.00206916
721_722	-0.0398763	-0.0352247	0	81	-0.00756348	0.0207487	-0.00980886	-0.0260854	0.00230829	-0.0810068
720_721	-0.0370157	-0.0158369	0	78	-0.00760809	-0.0221306	-0.000352099	0.03489	0.0420276	-0.021524
717_718	-0.0399117	-0.039364	1	76	0.00830443	-0.0130348	-0.0187215	-0.00382413	-0.020065	-0.00410603
968_969	-0.0380489	-0.0217003	0	60	0.00144144	-0.00366538	-0.0118478	-0.019234	0.00997244	-0.0213558
737_738	-0.0391915	-0.0323022	1	94	-0.0363922	0.014284	-0.000898838	0.00664092	0.0563972	0.0463608
740_741	-0.0414686	-0.0567469	1	84	0.00789891	-0.00654325	-0.00138382	-0.0103441	-0.0148112	0.021162
738_739	-0.0136275	0.0634071	1	96	-0.038771	0.00236179	-0.00295008	0.0175944	0.0222401	-0.00397734
736_737	-0.0403662	-0.0431719	1	87	0.0495938	-0.00894896	0.0355512	0.0105802	-0.0231731	0.00188071
639_640	-0.0398383	-0.040145	0	79	-0.0179961	-0.0216248	-0.0151708	0.0256777	-0.00709824	-0.0179673
526_527	-0.0332346	0.0106224	1	66	-0.0243693	0.00157427	0.00463289	0.00679776	-0.000211982	0.00959072
645_646	-0.0366803	-0.010763	0	86	0.00383628	0.0243555	-0.00444481	0.0176225	0.0371425	0.0386472
579_580	-0.0362514	-0.00768452	1	34	-0.00191388	0.00801917	0.00988745	-0.0114016	-0.000556193	0.0401833
650_651	-0.037728	-0.0206173	1	80	-0.00162791	-0.0224049	-0.0136484	-0.00784787	-0.00855052	-0.0321832
640_641	-0.0384114	-0.0241365	1	83	-0.00944925	0.0195791	-0.0173744	-0.0269757	0.00258195	-0.021147
646_647	-0.0287671	0.0203838	1	85	-0.00995781	-0.0101706	-0.0295897	-0.0174807	-0.0173645	0.0093687
651_652	-0.0265662	0.0423172	1	67	-0.00810828	0.00666523	0.0110781	0.00709891	0.0779534	0.0243151
648_649	-0.0153208	0.0637297	1	73	-0.00411103	-0.0143115	-0.0177045	0.00812957	-0.0193725	-0.000563476
649_650	-0.0312998	0.0221207	0	80	-0.0141828	0.00550149	-0.0376611	-0.0163693	0.00864263	0.0326313
652_653	-0.0333225	0.00910563	1	84	-0.0381864	0.0243871	0.0252499	0.017915	-0.0227194	0.0417752
641_642										
647_648	-0.0379519	-0.0197555	1	68	-0.0030157	0.000571825	-0.0100073	-0.0352472	0.0123466	0.0102401
580_581	-0.0318044	0.0191362	0	37	0.0509406	-0.00645559	-0.00505152	0.0122463	-0.0183438	0.000692277
589_590	-0.0396193	-0.0331678	1	75	-0.0403877	0.0258323	0.000516051	0.0327804	-0.0185204	-0.0155068
586_587	-0.0374406	-0.0221741	0	51	0.010847	-0.0205759	-0.0191538	-0.00534962	0.0292171	-0.00296291
587_588	-0.0388655	-0.0296443	1	72	-0.00771673	-0.00200228	-0.00617181	0.0283772	0.0216194	0.0146724
585_586	-0.0404925	-0.0418368	0	71	-0.0149923	0.0287964	-0.0358064	-0.0232134	-0.0308194	0.00601423
590_591	-0.0388482	-0.028634	0	69	0.120483	0.0116379	0.0365009	-0.0282113	-0.0355925	-0.045352
582_583	-0.0185363	0.0583035	1	52	0.00717611	0.000708942	-0.0215545	0.0112011	0.00433723	0.0082334
581_582	-0.0264821	0.0412833	1	63	0.0300076	0.00326725	0.0139515	-0.00361644	-0.00379885	-0.00760581
644_645	-0.0395734	-0.031853	1	59	0.0185772	0.00170826	-0.0283209	-0.0146018	-0.0197129	-0.00160492
624_625	-0.0194423	0.0547541	0	60	0.01029	0.0109281	-0.00196064	-0.0256612	-0.026899	0.013896
584_585	-0.0329343	0.00646288	0	74	0.0193736	0.00129406	0.0142174	0.00822534	-0.00915862	0.00270306
583_584	-0.0326316	0.0102432	0	36	0.016444	-0.00770779	0.00227076	-0.0101055	-0.0347813	0.00468399
588_589	-0.0352557	-0.000590672	0	69	-0.0442976	0.00951887	-0.0080361	-0.0100972	0.0515618	0.00587873
625_626	-0.0331024	0.0118846	1	59	0.0325839	-0.0102108	0.00766431	0.0319373	0.0177061	-0.0108934
634_635	-0.0383595	-0.0221273	0	55	-0.00613623	0.039932	0.0320829	0.0625131	-0.0184747	-0.0116934
635_636	-0.0364193	-0.0111108	1	66	-0.0478928	0.0186682	-0.024648	-0.0117048	-0.0165366	0.00268858
592_593	-0.039717	-0.0336589	0	68	0.0182877	-0.00525243	0.0030791	0.00425023	-0.0159613	0.0123091
595_596	-0.0401903	-0.046926	0	81	-0.0239159	0.00643453	-0.0126403	0.00436088	-0.00633852	0.00644312
593_594	-0.0141799	0.060908	0	69	-0.0287163	0.00969855	-0.0132457	0.0140616	-0.00465527	0.017527
344_345	-0.0400382	-0.0397761	0	61	-0.0265318	0.0199645	-0.015738	-0.00464251	-0.00509326	-0.0408067
345_346	-0.0364458	-0.0106837	0	66	-0.0365139	0.0280119	-0.155684	-0.222394	-0.171442	-0.0765654
591_592	-0.0399076	-0.0386015	0	83	-0.0539417	0.00972691	-0.0125434	-0.0258437	-0.00725733	0.0117467
629_630	-0.0307026	0.0211064	0	34	-0.00739992	-0.0171572	0.047608	0.0163567	-0.0054272	0.0607929
628_629	-0.0381735	-0.0229406	0	73	0.0205797	-0.0178184	0.00855393	0.0149809	0.0219474	-0.001088
630_631	-0.0368315	-0.0117581	1	54	0.0188908	0.0110527	0.0249214	0.0386905	-0.00859866	0.038048
626_627	-0.0390504	-0.0293786	1	46	0.0277861	0.0329995	-0.0138586	0.0243786	-0.0111695	-0.00486439
594_595	-0.0386518	-0.0293362	1	74	0.00256377	0.00189769	0.012299	0.0504439	0.0311767	-0.0104252
627_628	-0.0400209	-0.0357406	1	69	-0.0262483	0.0121142	-0.00386941	0.00206276	-0.0102108	-0.0144038
655_656	-0.0358029	-0.00708842	0	60	-0.0140068	-0.0245415	-0.00910172	0.0101925	-0.0106592	0.0303746
52_52	-0.0386434	-0.0264112	1	52	0.0175063	-0.000792185	-0.00487489	-0.00394829	-0.00449021	0.00904773
385_386	-0.0382169	-0.0219523	1	47	-0.0110313	-0.000351488	-0.0125935	0.0143226	0.00828762	0.0191583
659_660	-0.0339942	0.00241914	1	20	0.00293541	0.0183214	0.00771605	-0.00582609	0.0180255	-0.00719456
353_354	-0.0338635	0.00775036	1	71	-0.015	-0.0100753	0.00633381	-0.0093375	0.0196933	-0.0260417
654_655	-0.0363369	-0.00755481	0	59	-0.0306863	-0.017896	0.021936	-0.0060704	-0.0176137	-0.0648198
657_658	-0.0375959	-0.0177984	0	68	-0.0314264	-0.00528695	0.0301601	0.0278767	-0.0047555	0.0394913
351_352	-0.0327236	0.011444	1	77	0.016066	0.00185909	-0.000259274	0.0261647	-0.00353359	-0.0332234
653_654	-0.0404462	-0.0415556	0	86	0.0131234	0.00799804	0.023383	0.000512073	-0.0129123	-0.0629259
354_355	-0.0275742	0.0331366	0	23	0.016116	0.0103765	-0.0535765	-0.0256594	-0.0283575	-0.0250346
386_387	-0.0379836	-0.0208467	0	80	0.0401943	-0.280855	-0.199674	0.147996	0.050298	-0.156168
658_659	-0.0402921	-0.0409694	1	42	-0.0245211	-0.0265836	0.0112884	0.00819467	-0.0116923	0.0382435
346_347	-0.0402079	-0.0427552	0	61	-0.00738827	0.00978022	-0.00980591	-0.0462909	0.00638983	0.0254012
350_351	-0.0343994	0.00372634	1	52	0.00540708	-0.14195	-0.0697015	0.0525356	-0.0346681	-0.0483851
41_41	-0.0389076	-0.0320983	0	77	-0.0203112	-0.00891277	0.00579176	-0.0157114	-0.00601735	0.0537788
465_466	-0.0314492	0.0162579	0	59	-0.00190867	-0.00491399	-0.0209369	0.0198884	0.0182811	-0.024806
113_113	-0.0373089	-0.0165255	0	67	-0.0181163	0.0236109	-0.0106761	-0.0273978	-0.00982959	-0.038615
349_350	-0.0398731	-0.0392749	0	51	0.0285847	0.00588779	0.00932841	-0.028425	0.0192513	-0.00120301
632_633	-0.0378323	-0.0207771	0	70	-0.0172785	0.010513	0.030403	0.0102286	0.0283462	0.0313078
39_39	-0.0391226	-0.030811	1	42	-0.029321	-0.00467165	0.0177238	0.00880917	0.0121303	-0.00412378
660_661	-0.0389071	-0.02857	1	40	0.00817876	0.00497804	0.000645184	-0.035517	0.00901179	-0.00834012
43_43	-0.0403218	-0.0439739	1	46	0.012896	-0.0251972	0.0365011	-0.0163172	0.0311089	-0.0457348
597_598	-0.0368806	-0.013502	0	52	7.46831e-06	0.0165982	0.0154414	0.0221203	0.0235492	0.0198178
352_353	-0.0345619	0.00356517	1	58	-0.00109814	0.000852014	-0.0156938	-0.0248461	-0.0257205	-0.00532517
633_634	-0.0389721	-0.0314078	1	57	0.0413209	-0.00651031	-0.0302807	-0.026283	-0.0231169	0.023516
596_597	-0.0253541	0.0420288	1	44	0.00418437	0.0150516	0.0205381	0.0323433	-0.0473193	-0.0308366
42_42	-0.032992	0.0112957	1	59	0.00545229	-0.000900303	-0.00253106	0.0117812	0.0379993	0.0438787
40_40	-0.0383015	-0.0246422	1	72	0.017354	-0.0201952	-0.0400351	-0.00970969	-0.0255925	0.0282401
75_75	-0.0401798	-0.0398398	1	73	0.0121743	-0.0060678	0.0240969	0.000888675	-0.0111994	-0.0157102
57_57	-0.0412982	-0.04956	0	32	0.00641968	0.00985154	-0.0380498	-0.0474315	-0.0225709	0.0246033
93_93	-0.039553	-0.0385358	0	60	-0.03386	0.0124035	0.0028678	-0.000353026	-0.000133447	0.0260326
47_47	-0.0384669	-0.0304591	1	19	-0.0111468	0.0331802	0.00397233	0.0163775	0.0376684	0.0108428
58_58	-0.0383886	-0.029807	0	19	0.0221676	0.0139863	0.0195054	0.0155678	0.000992019	-0.00450842
49_49	-0.041056	-0.0505315	0	84	-0.0181983	0.0128481	-0.0327003	0.0227811	-0.00944665	0.00454615
90_90	-0.0402657	-0.0419864	1	75	-0.00666218	-0.0122639	-0.00800924	0.0042307	0.0223518	-0.021144
53_53	-0.0358958	-0.00950135	1	32	-0.00831434	0.0154688	0.0215771	0.00885583	-0.0368654	-0.0255457
50_50	-0.038659	-0.0271361	0	64	-0.0262294	0.012432	0.00439596	0.00272285	-0.0147089	0.0252536
92_92	-0.0411553	-0.0549106	0	71	-0.0221003	-0.0118236	-0.00587008	-0.0314588	0.0374736	0.00504141
91_91	-0.0400826	-0.0383373	0	53	0.0225498	-0.0102561	0.0049717	-0.0140344	0.0128497	-0.0235186
48_48	-0.0409243	-0.050774	1	86	-0.000438904	0.0160004	0.000471991	0.0199132	0.016444	0.0233009
51_51	-0.0405772	-0.0453919	1	60	-0.00209207	-0.0138765	-0.00758284	0.0225371	0.00226669	-0.000434209
89_89	-0.0385881	-0.0251754	0	66	0.00689145	0.000613623	-0.00824793	0.00716491	0.0079397	0.00480242
60_60	-0.0387729	-0.0298241	1	35	-0.00295317	-0.0189872	0.0144972	0.0495123	-0.00788669	-0.0361739
54_54	-0.0389871	-0.032372	1	66	0.075516	-0.0124687	0.033743	0.0344245	-0.0146185	0.0137534
56_56	-0.0354972	-0.00545174	1	36	-0.0102028	-0.00555154	-0.00239889	0.00724973	-0.0194902	-0.014167
97_97	-0.0400897	-0.0420699	0	59	-0.000856562	0.00246387	-0.00894041	0.00143025	-0.00926615	-0.0106393
55_55	-0.0367796	-0.0157182	1	71	-0.0126658	0.00445171	0.00605395	0.00568397	0.0167325	-0.0334527
63_63	-0.0397071	-0.0392115	1	44	-0.0147458	0.0283374	-0.0053822	0.0367175	-0.016517	0.000719101
286_287	-0.0408804	-0.0494732	0	44	-0.0115091	0.00713629	0.0204935	0.0216537	0.0494091	-0.0294446
64_64	-0.0387031	-0.0269418	0	46	0.0019486	-0.0297188	-0.00171135	0.0139802	-0.0309261	-0.0127945
276_277	-0.0376122	-0.0180522	1	65	-0.00392659	0.00644824	-0.0197596	0.00391095	0.0532009	-0.00272186
1077_1078	-0.0408206	-0.0469824	0	61	0.0142656	-0.0157352	-0.029608	-0.0292068	-0.04354	-0.0405323
61_61	-0.0320645	0.0127395	0	25	0.0150609	-0.00517902	-0.0126816	0.00540302	-0.0163855	0.00556716
95_95	-0.0340756	0.0058629	0	69	0.0256315	0.00335125	0.00278975	-0.0117855	-0.00104306	0.0393336
96_96	-0.0392688	-0.0306683	0	64	0.000101754	-0.0166666	0.0136592	-0.012997	0.00675505	0.0206085
287_288	-0.0371978	-0.0226705	1	79	-0.0165878	0.000285553	0.00664285	0.0396407	-0.0212449	0.0313784
86_86	-0.0327243	0.00531298	0	43	-0.0152436	0.0327156	-0.000844747	0.0023333	-0.0336892	-0.0330201
71_71	-0.0403965	-0.0472437	1	86	-0.0338104	-0.00151811	0.00031947	0.0226106	0.0101527	0.0258061
88_88	-0.0255203	0.04074	0	78	-0.0122695	0.009986	0.021675	-0.0217776	-0.00262464	-0.0399595
163_163	-0.0383473	-0.0247684	1	56	-0.0460592	0.0300644	0.00513977	0.00876439	0.0154506	-0.0143487
72_72	-0.0311599	0.0138466	0	77	-0.0124257	0.00125071	0.00173304	-0.0240287	-0.0153412	-0.00385714
84_84	-0.037176	-0.0172017	0	57	-0.011739	0.0316571	0.0154948	0.00777971	-0.0260994	-0.00989965
1081_1082	-0.0389143	-0.0308733	0	73	0.0187597	-0.0280307	-0.000696399	0.000547302	0.0346146	0.0311571
85_85	-0.0388803	-0.0361543	0	70	0.020882	0.0119495	0.0293118	0.00720574	0.000339989	-0.0213442
1080_1081	-0.0408037	-0.0477823	1	71	0.0469982	-0.00726686	-0.00178129	0.0160539	-0.0214444	0.0272979
1078_1079	-0.0363993	-0.0112114	0	65	-0.00604708	0.0201054	-0.0222235	0.0228192	0.0177631	0.0180679
87_87	-0.0393126	-0.0340714	0	63	0.0107787	-0.0111058	-0.00930016	-0.014502	0.00910747	-0.00932988
70_70	-0.0293187	0.0173561	0	50	0.0215325	0.0103039	0.0191169	-0.00833011	0.0336974	-0.037046
1079_1080	-0.0398861	-0.039639	1	77	-0.00647567	0.0151146	-0.0166251	0.0031433	-0.0444203	0.00364577
170_171	-0.032127	0.0204112	1	43	0.0697955	-0.0151373	-0.00681758	0.00551703	-0.00220532	0.0177177
169_170	-0.0298415	0.0284931	0	20	-0.0121839	-0.00993026	-0.0204918	0.0169474	0.0137241	0.0475299
155_155	-0.0262619	0.0377964	0	56	-0.0390402	0.0141238	0.00785626	-0.0253838	0.02832	0.0109448
171_172	-0.0326486	0.0176857	1	62	-0.0036422	0.00727277	0.0167914	0.00215563	-0.0119166	-0.0421143
164_165	-0.0341502	0.00861218	1	41	0.0449408	-0.00131826	0.0130788	0.0176663	0.00439335	-0.0207201
173_174	-0.0332337	0.0130487	0	68	-0.00778078	0.0259951	0.023442	-0.00914413	-0.00547159	-0.024991
167_168	-0.0392381	-0.0296481	1	58	-0.0160742	0.0274701	-0.00166377	-0.0103373	0.0224071	0.0150331
168_169	-0.0375026	-0.0162736	0	79	0.0215619	-0.00177384	-0.0073494	0.00453734	0.0229875	0.00317914
154_154	-0.0337657	0.0103757	0	67	0.069358	-0.0217108	0.0145493	0.0157989	-0.0222522	0.00652039
172_173	-0.030455	0.0251737	1	23	0.0342249	-0.0433705	-0.0190632	0.0299732	0.00997238	-0.0208785
166_167	-0.0312441	0.0240011	1	34	0.0213295	-0.0291306	0.0147437	-0.0168393	-0.00565179	0.0507841
165_166	-0.0349722	0.000939267	1	61	-0.0852416	0.0319157	-0.0187205	0.00675287	0.0303564	0.0118872
175_176	-0.0297622	0.0274312	1	49	0.00195561	-0.00200329	0.00167689	0.00285136	0.0294174	-0.0145945
156_156	-0.0290615	0.0332337	1	73	-0.0156924	0.0104143	-0.0253802	0.00300867	-0.0174409	-0.0301344
28_28	-0.020652	0.0576315	1	74	-0.00503032	-0.0216981	0.0247634	-0.0109367	0.00214532	0.00688678
134_134										
142_142	-0.0322332	0.0150004	1	67	0.00234506	0.0212113	-0.00434421	0.0116963	0.0142963	0.0448145
598_599										
27_27	-0.035117	-0.00207905	1	73	-0.0107949	0.0114924	0.00525669	-0.0150557	-0.00280294	-0.005338
141_141										
138_138	-0.0238194	0.0472752	0	64	0.0107596	-0.00419594	-0.0301521	0.00989326	-0.0088999	0.00187842
137_137	-0.0299564	0.0299017	1	87	-0.0425373	0.0114588	-0.0240864	0.0243653	-0.00710178	-0.00208779
46_46	-0.0348068	0.0015512	0	68	-0.0319854	0.0172059	-0.00503045	-0.00099021	0.0342059	0.00163868
139_139	-0.020653	0.0555988	1	79	0.00550962	-0.00501125	-0.00144015	0.00843143	0.00410346	-0.0109059
140_140	-0.0235934	0.0496938	0	60	-0.00414885	-0.000116628	-0.0170247	0.00424289	0.0125493	0.0268103
25_25	-0.0272278	0.0364802	0	64	0.00149871	-0.00558769	0.0115039	0.00644511	-0.0156856	0.00747457
723_724	-0.032965	0.0104186	1	69	0.00650807	0.0149306	0.0249381	-0.0075813	0.0281401	0.00514366
978_979	-0.0355134	-0.00722051	1	71	0.0344222	-0.00977956	-0.0206767	-0.00895161	0.083086	0.0208933
974_975	-0.041064	-0.0484323	0	74	-0.0439078	0.0121191	0.0116875	0.0523198	0.0355463	-0.021404
724_725	-0.0242379	0.0439526	1	65	-0.00991899	-0.00857542	0.000425731	0.0122401	-0.0107055	-0.0105775
972_973	-0.0378506	-0.027919	1	81	0.0446691	0.017392	0.018823	0.0170068	-0.0128563	0.0314066
976_977	-0.029174	0.0193099	1	67	0.0508649	-3.43545e-06	-0.00336724	-0.00754433	-0.00957952	0.00418459
969_970	-0.0388995	-0.0298837	1	59	-0.0187661	0.0205527	-0.00707443	-0.00240757	-0.0111224	0.00703446
973_974	-0.0376808	-0.0213882	0	79	0.00663666	0.00313053	0.00429022	-0.00129388	0.00586567	0.0363348
975_976										
977_978	-0.0385349	-0.0243982	1	70	-0.00676197	0.0515154	-0.0282196	0.0039435	-0.0162369	0.0109322
714_715	-0.0392462	-0.030797	1	61	-0.0114758	-0.00658508	0.0272172	-0.00849347	0.0447091	-0.00809756
979_980										
725_726	-0.0313596	0.0159761	0	57	-0.00817491	-0.00685204	0.0194665	-0.00451714	-0.0113499	0.0110997
726_727	-0.0369316	-0.0116126	1	67	0.012502	0.00338202	-0.0332072	0.0157633	0.0501749	0.0121466
149_149	-0.0330607	0.0119569	1	59	0.0110869	0.00533471	-0.00438637	-0.00856833	-0.00473388	-0.00859056
177_178	-0.0174942	0.0600655	0	19	0.00224427	-0.00627965	-0.0269195	-0.000804308	-0.0206159	0.0414415
148_148	-0.026059	0.0406394	0	62	0.00581291	0.0267571	-0.00844467	0.00787758	-0.00538579	0.0187818
179_180	-0.0177987	0.0582466	1	31	-0.00761854	0.0134499	0.00631261	0.0238365	0.0158614	0.000965302
144_144	-0.0202512	0.0583994	0	44	-0.00100801	0.00142479	0.015668	0.00828173	7.4809e-05	0.0316107
150_150	-0.0268865	0.0385984	1	31	-0.0133615	-0.00521061	0.0143545	0.0154286	0.0353264	-0.0167332
145_145	-0.029595	0.0302411	0	87	0.000731336	0.0203121	-0.0475275	0.0323905	-0.00173309	0.0510755
147_147	-0.0315131	0.0211801	1	54	-0.0226782	0.0054701	0.0147544	-0.0251886	0.0113847	0.0231098
178_179	-0.0245876	0.0479492	0	47	-0.0174368	-0.00618075	-0.0222285	0.00021568	0.0298643	0.0199428
176_177	-0.0187917	0.0504234	1	27	-0.0508554	-0.014065	0.0622127	0.0850996	-0.0873995	0.071498
153_153	-0.0220524	0.0518953	1	46	-0.0190127	-0.00689061	0.00812223	0.0319563	0.0162592	-0.0118607
152_152	-0.020713	0.0477613	0	68	0.041522	0.0116073	0.0151271	-0.00119303	-0.0169004	-0.0387489
151_151	-0.0145926	0.0657626	1	19	0.0250056	0.0233844	-0.00465158	0.00282541	-0.0217965	0.00201904
146_146	-0.0311903	0.0171063	0	63	0.0529698	0.00827483	0.0089078	-0.0141734	-0.00240666	0.00979786
81_81	-0.0289424	0.0283528	1	62	-0.0106911	0.00728405	0.0169369	0.00639579	0.0289163	0.0106178
77_77	-0.0341008	0.00629239	0	40	-0.00641947	0.039043	0.0128245	0.00646478	0.0371438	-0.0296896
79_79	-0.0271685	0.0377852	1	60	-0.0288107	0.0140209	0.0214776	0.0111451	0.0125486	0.00804899
288_289	-0.0230601	0.0501919	0	80	0.00545055	-0.0157451	-0.0182437	-0.00426147	0.0098338	-0.0180019
83_83										
76_76										
180_181	-0.035447	-0.00231148	1	68	-0.023443	-0.000489976	0.0223918	-0.0156847	-0.022158	-0.0118141
78_78	-0.0353877	-0.00330388	0	38	-0.0227316	-0.00364917	0.00129237	0.0038287	0.0350344	-0.0430629
289_290	-0.0323179	0.0167211	1	29	-0.00549325	0.00662485	0.000626362	0.0105134	0.00328441	0.0177639
656_657	-0.0305199	0.0246376	0	61	0.015181	0.0189841	0.0193665	-0.0123866	-0.0207303	0.0034453
82_82	-0.0323033	0.0182943	0	64	0.0182327	-0.00435359	0.0224524	0.0124339	0.0140314	0.0136545
355_356	-0.00853857	0.0495755	1	27	0.0495011	0.0254282	0.0126055	-0.0118912	0.0166159	-0.0161677
45_45	-0.0222376	0.0499847	0	71	-0.0371439	0.0153826	-0.0138542	-0.00618632	0.0387789	0.00553337
181_182	-0.0304193	0.0251631	1	66	-0.029135	-0.00830679	-0.0145684	0.0409185	-0.00767345	0.0186415
281_282	-0.0133165	0.062038	1	53	0.00586722	0.0199537	-0.00481027	0.0295358	0.0107179	-0.00345275
278_279	-0.0269981	0.0316791	0	45	-0.0105076	-0.00488879	-0.0373466	-0.000963548	-0.0165126	-0.020104
65_65	-0.036586	-0.0094542	0	58	-0.0165875	-0.00114708	0.0247571	-0.0178223	0.0169547	0.00720838
280_281										
283_284										
69_69	-0.024351	0.0426406	1	66	0.033437	0.00883666	-0.00235909	0.0187009	0.00698938	-0.00459956
68_68	-0.0226015	0.0474073	0	73	-0.00896009	-0.0163042	-0.000676324	-0.0547062	-0.00195036	0.0128822
282_283	-0.0259623	0.0373468	0	40	0.0132115	0.0109589	-0.0207244	-0.0220796	-0.045689	0.0125066
284_285	-0.0149806	0.0610216	0	30	0.0206168	0.00198436	0.012514	-0.0130598	-0.00495632	-0.00452724
279_280	-0.0230877	0.0469855	1	73	-0.00212263	-0.00343818	0.020958	0.0389583	0.0228121	0.00443192
290_291	-0.0174236	0.057467	1	53	-0.0157315	-0.00650603	-0.0048888	0.00720174	-0.034596	-0.0197696
66_66	-0.0395921	-0.0333931	1	66	-0.017765	-0.00241658	-0.0196859	0.0169567	0.0247041	-0.016032
44_44										
127_127										
121_121	-0.0368021	-0.00767708	0	71	-0.0480092	0.0184488	0.0130162	0.00537827	-0.0110227	-0.0121414
120_120	-0.0209066	0.0542236	0	46	0.0092558	0.0104884	-0.0125902	-0.0283775	0.0113337	0.0523169
126_126	-0.0375103	-0.0157299	0	65	-0.00715503	0.013565	0.00329716	0.0126833	0.0284672	-0.0121022
130_130	-0.0382665	-0.0215768	0	72	-0.0336509	0.0312484	0.019491	-0.0102275	-0.0330378	0.0304247
129_129	-0.0266628	0.0365576	0	35	-0.00619014	-0.00672713	-0.00770394	0.0040825	0.0195995	-0.00457346
119_119	-0.035123	-0.00271279	0	38	-0.0184234	0.0179163	-0.00690887	0.015406	0.00767884	-0.000816843
125_125	-0.0215057	0.0527387	1	74	-0.0377651	-0.0992885	-0.0281216	0.00621559	-0.0218436	-0.0650874
133_133	-0.0387847	-0.0231882	0	62	0.00416214	-0.0059464	0.00101658	-0.0203813	-0.0204235	0.0228796
128_128	-0.0279418	0.0248128	0	37	0.00132221	0.0148963	0.000408888	-0.00278381	0.0128649	0.0221959
132_132	-0.0332546	0.00766748	1	62	0.0347035	0.000856805	-0.0193887	0.0141283	0.0158686	-0.00551305
122_122	-0.037174	-0.0107311	1	67	0.0344893	-0.00847815	-0.0143706	0.0185746	0.0117465	0.00743155
123_123	-0.0338871	0.0079235	0	50	0.0456495	-0.0284965	0.0244421	-0.00552919	0.00546805	-0.0185556
131_131	-0.0285993	0.0279733	1	67	0.00896434	-0.0122067	-0.00864761	-0.0143667	-0.00678555	0.0267325
185_186	-0.0407022	-0.0439936	0	62	0.00507568	-0.0109995	-0.021381	0.0199648	0.0384997	-0.0138494
29_29	-0.0299174	0.0279831	1	69	-0.0155636	-1.98752e-05	0.0393922	0.0132947	0.00376094	-0.0112629
188_189	-0.0288292	0.0323156	0	46	-0.0121608	-0.0878735	-0.0266728	0.0275653	0.0493088	-0.0123853
189_190	-0.0240722	0.0449415	1	68	0.0276164	-0.00755792	-0.0141364	-0.0122533	-0.0425853	0.0163553
33_33	-0.0146028	0.0623323	1	73	-0.0206744	0.0251563	-0.107113	-0.0644744	-0.114828	-0.0450841
186_187	-0.0349524	0.00380976	1	28	-0.000924945	-0.0216245	-0.00988381	0.0291564	0.0406775	-0.00709912
1_1	-0.0324539	0.0168429	1	65	-0.0313459	-0.0243139	0.0397409	-0.0190709	0.01244	0.0435153
187_188	-0.030993	0.0210313	0	26	0.00602564	0.011609	0.01453	0.0194924	0.047828	0.007149
2_2	-0.014803	0.0624995	1	48	-0.0163479	0.0126901	0.00703643	0.0116439	-0.0010143	0.00152639
30_30										
35_35	-0.0318475	0.0177824	1	69	-0.0317071	-0.00460252	-0.0305982	-0.000330789	-0.0226511	-0.00885895
36_36	-0.0384901	-0.0223316	0	66	0.00114041	0.01824	-0.0169335	0.0114497	-0.00726116	-0.00831366
37_37	-0.0332963	0.0111798	1	47	-0.00743915	0.00808774	0.00817944	0.00252844	0.00475138	0.024504
38_38	-0.029834	0.0239924	0	79	-0.00839857	0.00250603	-0.00513427	0.0180201	-0.0116457	0.0173627
183_184	-0.0257788	0.0393701	1	65	-0.0357378	0.00574126	-0.0160261	-0.0375439	-0.0443792	0.0264893
191_192	-0.0270621	0.0384534	1	55	-0.00367067	0.0131444	-0.00532042	0.0038692	0.0188567	-0.0170988
184_185	-0.0367751	-0.0114753	0	83	-0.0311001	-0.0122117	0.0204251	-0.00465295	0.0142056	0.00599198
161_161	-0.0354274	-0.00219924	1	33	0.0194414	0.000145512	-0.00674439	-0.0239349	0.0212177	0.0112439
190_191	-0.0325459	0.0153808	0	61	-0.0594078	0.0562918	0.0250059	0.0561371	-0.0105555	0.00547768
159_159	-0.036975	-0.0145526	0	63	-0.00656134	0.0262687	-0.00502771	-0.0152219	0.0259852	0.00142494
160_160	-0.0213442	0.0550148	1	60	-0.0203736	-0.00317304	0.0268066	-0.0049172	0.0255851	-0.0198731
4_4	-0.0329088	0.0128212	1	48	-0.0424053	0.0274011	-0.0682331	-0.105973	-0.0696338	-0.00201364
158_158	-0.0345298	0.00321155	0	59	-0.00584051	0.0470348	-0.0287684	-0.00418199	-0.0714486	-0.024901
3_3	-0.0301802	0.0261513	1	53	0.0172815	-0.00150258	0.000395551	-0.0295932	0.00273588	0.0299769
182_183	-0.0164049	0.061181	0	70	0.0115614	-0.00836568	-0.0201083	-0.0164933	0.00280628	0.0264031
124_124	-0.0310545	0.0225501	1	71	-0.0123662	0.0353314	-0.0148555	-0.0352578	0.0123651	-0.0300154
248_249	-0.0372279	-0.0155387	0	69	0.0138301	0.030338	0.00340793	0.00647984	-0.0164875	0.0174101
243_244	-0.0309305	0.0197411	1	59	0.000128887	-0.0158175	-0.0398796	0.00693686	-0.0174381	-0.0150467
245_246										
244_245	-0.0292735	0.0292306	1	79	0.047494	-0.02626	0.0364663	0.00351963	0.0121601	-0.0199843
6_6	-0.0223701	0.0559375	1	79	-0.0297461	-0.000409147	0.0468657	0.0554384	-0.0558539	0.0865615
247_248										
8_8	-0.0264495	0.0399881	0	71	0.0166978	0.0138522	-0.0279606	0.00397994	-0.0332271	-0.00388737
252_253	-0.0243712	0.0471004	0	29	-0.0255293	0.0221641	0.00389766	-0.00761653	-0.00848422	0.0180358
255_256	-0.02703	0.0395321	1	54	-0.0325115	0.0110045	0.0259416	0.00449477	-0.0132773	-0.0439998
7_7	-0.0228168	0.0523954	1	74	0.0217849	-0.0251722	-0.0031258	-0.0379573	0.0191594	-0.0449125
250_251	-0.0173175	0.0574939	0	63	-0.011324	0.029854	-0.0137873	-0.0117786	0.0358912	0.00999045
251_252	-0.0247709	0.0454614	0	35	0.0189237	0.0145402	-0.0108303	0.00393925	-0.00723909	0.00537281
242_243	-0.0256945	0.0437671	1	82	-0.00508052	0.0129435	0.0112799	0.00127755	-0.0187037	-0.00778095
9_9										
226_227	-0.0218667	0.055549	1	77	0.0122963	-0.0109935	0.00182305	0.0243873	0.00516284	0.00282453
233_234	-0.0362348	-0.00529603	1	67	-0.0215218	-0.00675234	-0.0113086	-0.0121285	0.0547524	0.0294096
11_11	-0.0277438	0.0372915	0	81	-0.0645276	0.029945	0.0294705	0.0241777	0.0168743	-0.0376884
232_233	-0.0386991	-0.0273047	0	24	-0.0232493	-0.0056156	-0.00289979	0.00373835	0.0278306	0.0114476
236_237	-0.0345672	0.00780219	0	51	0.0506444	0.00499777	0.00451359	-0.00177697	0.000629477	0.00398243
225_226	-0.0233689	0.0472864	0	32	-0.014236	0.0286645	0.00666394	-0.0381447	0.0588988	0.0325096
229_230	-0.0325756	0.0143081	0	27	0.0318831	0.0197601	0.0481584	-0.00929925	-0.0013376	0.0203013
231_232	-0.0191253	0.060108	1	40	-0.0438814	0.0130959	0.11481	-0.0297058	0.0216534	-0.22812
223_224	-0.038385	-0.0237492	0	71	-0.0138717	0.00729617	-0.0160318	-0.00859453	0.0101102	0.031076
230_231	-0.0184743	0.0611774	1	60	0.0250219	0.0234328	0.022808	0.00780605	-0.00825353	-0.00746506
224_225	-0.0362359	-0.00778791	0	85	-0.0247975	0.0117936	-0.0216026	-0.0395479	-0.026231	-0.0505877
10_10	-0.025169	0.0470253	1	78	0.0175121	-0.13892	-0.0655687	0.0374538	0.0111905	-0.030256
213_214	-0.0340145	0.00858366	0	86	-0.00592304	0.0195825	-0.00995991	-0.00548197	-0.00638289	0.0154187
246_247	-0.0342349	0.00746097	1	28	0.0247989	-0.00198952	0.016408	-0.0240392	0.0129758	-0.0156685
208_209	-0.0367757	-0.00774469	1	72	-0.0102265	-0.0211489	0.00655717	0.0374818	0.00854856	0.00386411
238_239	-0.0266404	0.0362619	1	39	0.00314133	0.00763446	0.00798123	0.0148718	-0.0226346	0.00870591
211_212	-0.0244526	0.0469523	1	53	0.064659	-0.0274388	-0.00812721	-0.00767815	-0.0380771	-0.00286091
209_210	-0.0385944	-0.0240909	0	93	0.106558	-0.0186063	0.0228152	0.0171541	-0.020713	0.0346132
212_213	-0.0372803	-0.0126794	1	93	-0.0161505	0.0142052	-0.0283	-0.0506991	0.0385696	0.00127586
207_208	-0.0391683	-0.0284598	0	39	-0.00960531	-0.0112955	-0.0257448	-0.00178653	0.0078252	-0.0187551
239_240	-0.0281928	0.0350495	0	39	0.0222895	0.00113273	-0.0102722	0.0211521	-0.0147737	-0.00355821
214_215	-0.0302148	0.0287016	1	69	-0.00691595	-0.0127459	-0.00818796	0.0173136	0.00920604	0.0119844
206_207	-0.0373533	-0.0148279	1	63	-0.0188077	-0.137489	-0.0755341	-0.0153652	-0.236366	0.0300596
237_238										
813_814	-0.0343477	-0.00123868	1	81	0.0029734	0.00490431	0.00491945	0.0226725	0.0271578	0.0112947
981_982	-0.0356671	-0.00797318	0	73	0.0448389	-0.00858266	0.0282295	0.00692513	0.0111827	-0.0042088
734_735	-0.0168285	0.0583477	0	83	-0.0163748	0.00247674	-0.0168768	0.0135066	0.00214908	0.000129334
816_817	-0.0356847	-0.0047034	1	65	-0.0167162	0.0178098	-0.000725361	0.0136724	-0.0160135	-0.0093146
838_839	-0.0304188	0.0241942	1	70	-0.0108184	-0.0698662	-0.0157394	0.00224624	-0.123283	0.0440701
980_981	-0.0346824	0.00611057	1	71	0.072056	-0.00638958	0.00377082	0.0148413	-0.0207682	0.0169114
732_733	-0.026965	0.0370409	1	89	0.0118368	-0.0068262	-0.00849112	-0.012184	0.0248487	0.0121923
982_983	-0.0279702	0.0335133	1	72	-0.00360777	-0.00560986	-0.0199559	-0.0138672	-0.0193763	0.0609286
819_820	-0.0265671	0.0381417	1	67	-0.0355063	0.0149681	0.0119127	0.0211573	0.00290302	0.0038888
735_736	-0.0368444	-0.0138198	1	77	-0.0278416	-0.00390501	-0.0264995	-0.0229354	-0.00242159	0.0064074
731_732	-0.0328476	0.00970617	1	83	0.00492756	-0.000159641	-0.0028509	-0.0135003	0.00133408	0.0212576
727_728	-0.0342334	0.00479251	1	77	-0.0263708	-0.00787243	0.0149448	0.0112478	-0.00448956	0.00600865
210_211	-0.0376734	-0.0145921	0	46	0.0384795	-0.0134513	-0.000804649	-0.00604761	-0.0161649	-0.0172679
13_13	-0.0366787	-0.00642577	1	50	0.00402822	0.000574348	0.00807485	-0.00671238	0.000605421	0.0500148
222_223	-0.0339271	0.00897521	1	48	-0.000310978	0.013849	-0.00904679	-0.0255888	-0.0190419	0.0119656
217_218	-0.0391041	-0.0284445	1	73	-0.0197902	-0.0103653	-0.00884682	-0.00204671	0.0205927	-0.00706658
215_216	-0.036025	-0.0034071	1	60	0.00966075	0.00987653	0.0102595	0.00311271	-0.0135339	-0.00258936
219_220	-0.0394161	-0.0304209	0	67	-0.0605537	0.0412798	-0.0121231	0.00530857	-0.0124577	-0.0371056
221_222	-0.039856	-0.0340427	0	84	-0.0216402	0.00365821	0.0212893	-0.0220272	0.0122623	0.00415352
12_12	-0.0290353	0.0283554	1	52	-0.000220701	-0.000351165	-0.00906213	0.00897114	0.00566846	-0.00218323
220_221	-0.0367601	-0.0103611	1	66	-0.0435209	-0.0702381	0.0399626	-0.0784486	-0.0122451	0.00758895
15_15	-0.0379166	-0.0211107	1	67	-0.00112568	-0.0076472	0.0177167	-0.0130627	0.0154591	-0.00581186
16_16	-0.035766	-0.000297889	1	45	-0.041525	0.0429915	-0.150412	-0.208373	-0.109973	-0.0122612
17_17	-0.040082	-0.0358331	0	70	-0.0222098	0.0123853	0.0318035	0.0016011	0.0208191	-0.0297729
257_258	-0.039931	-0.0353045	1	68	-0.0484289	0.0376384	-0.0221163	0.0457073	0.000777181	0.0459302
19_19	-0.0377844	-0.0157223	1	74	-0.0437602	-0.0408139	-0.0317791	-0.0526621	-0.0892484	-0.0662754
259_260	-0.0267511	0.0380811	1	45	-0.0196697	-0.00242603	-0.00165508	0.00836378	-0.00481101	-0.0190744
256_257	-0.0346814	0.00734186	0	52	0.0197033	0.0043907	0.0017637	0.0141668	0.0293347	-0.0121002
18_18	-0.0331903	0.00410535	1	80	-0.074629	-0.21477	0.192897	-0.310709	0.0881734	0.130168
23_23	-0.0352336	0.00225887	0	42	-0.0128929	-0.0287612	0.0135528	0.00739824	-0.00658205	-0.0260448
262_263	-0.0382932	-0.0197929	1	66	0.020941	0.0239376	-0.0151991	0.022972	0.0163975	0.00971685
258_259	-0.0378153	-0.0154029	0	68	0.0472273	0.00235175	0.0106647	0.00573458	-0.0128932	-0.0249432
260_261	-0.0399509	-0.0366072	0	76	-0.00963439	0.00272846	-0.00770861	0.0103243	-0.0145852	0.0239241
272_273	-0.0417665	-0.0561904	1	54	-0.00301597	0.0139118	0.000911705	-0.0148211	-0.00936056	-0.0206246
271_272	-0.0264519	0.0416383	1	20	0.0103527	0.0206012	0.0144933	0.0180067	-0.00351514	0.0128805
274_275	-0.039734	-0.0338745	0	66	-0.0288451	0.0109115	-0.0382832	0.0142451	-0.02467	0.00447506
263_264	-0.0415154	-0.0531363	0	77	0.0227335	-0.00413489	-0.00325316	0.000306018	0.00509326	0.0369978
267_268	-0.0378876	-0.0148844	1	61	-0.0558639	-0.0263242	0.0539665	-0.0287739	-0.0667997	-0.072746
266_267	-0.0381793	-0.0198036	0	49	0.0128924	0.0115826	-0.0185357	-0.0186148	-0.0307905	-0.0376772
264_265	-0.0376227	-0.0172628	0	59	-0.0266403	0.0302506	-0.014966	0.0408159	0.00985425	-0.0257841
270_271	-0.0337295	0.010157	1	64	-0.0154448	0.00266663	-0.00162308	-0.0198235	0.0233602	-0.00279232
275_276	-0.0329461	0.0151731	0	31	0.0074801	-0.00145673	-0.00289111	0.0030563	0.0186212	0.0119939
273_274	-0.0401877	-0.0385775	1	63	0.00118642	0.0160936	-0.00153952	-0.0385112	-0.0424541	-0.0258197
269_270	-0.0356859	-0.00312345	0	76	-0.150965	-0.0843885	0.19125	0.113943	-0.135774	-0.0259758
24_24	-0.0390004	-0.0280059	0	77	0.00780497	0.00950458	-0.0194714	0.016258	0.0205776	-0.00455138
934_935	-0.0393704	-0.0318137	1	76	-0.0011607	0.00251027	-0.0285645	0.0117046	0.0147453	-0.00917665
927_928	-0.0412938	-0.0504336	1	66	0.0613273	-0.034393	-0.00608587	0.00519702	-0.00826416	0.0323834
933_934	-0.038664	-0.0236866	0	48	-0.0191795	0.00241906	0.0129505	0.0390003	-0.061389	1.86461e-05
935_936	-0.0402091	-0.0425483	0	71	0.0191136	-0.0235164	0.0394413	-0.0676535	0.0154474	0.0441701
926_927	-0.0396938	-0.0348932	0	70	0.0219823	-0.0294617	0.0151137	-0.00562191	0.00461734	-0.0192662
932_933	-0.0397284	-0.0343624	0	32	0.00243956	0.00268176	0.00117424	-0.00390826	0.0207776	0.00902649
929_930	-0.0337041	0.0106353	1	59	-0.00341914	0.0252153	-0.0174495	-0.000498531	-0.0176973	0.0274946
930_931	-0.0379064	-0.0199934	1	43	0.00432514	0.00119838	0.00195648	-0.0178113	0.0536699	0.0130229
937_938	-0.0381011	-0.023049	1	48	-0.0247378	0.00094608	0.0259136	0.0473119	0.0272738	-0.018257
938_939	-0.0241119	0.0466525	0	62	-0.0145807	0.00622675	-0.0194157	-0.0151813	-0.0131477	-0.0191948
944_945	-0.0341849	0.00619929	1	40	-0.0196627	-0.0175913	-0.0325778	-0.0146068	-0.00015842	0.0164601
939_940	-0.0354961	-0.000301597	0	72	-0.00134527	0.0254697	0.034182	-0.0127605	0.0280743	0.0134663
946_947	-0.0176744	0.0630124	1	42	-0.00982569	0.0334146	-0.00256764	0.00803565	-0.00279565	0.0118667
943_944	-0.0389991	-0.0272978	0	77	0.0151497	0.0359193	0.0222402	0.00965898	0.0034286	-0.0122466
947_948	-0.0369176	-0.0117402	0	29	-0.0129747	0.0138684	-0.0168059	0.000779574	-0.00690223	0.00550808
940_941	-0.0239334	0.0490801	0	71	0.00939238	-0.115247	-0.0393661	0.0263712	-0.114903	-0.0234906
949_950	-0.0375507	-0.0141096	0	31	0.0143695	0.0131683	0.0146231	0.0251192	0.0275346	0.0393479
945_946	-0.0289697	0.0347541	0	30	-0.00997592	0.0141493	0.0309067	-0.0055296	0.00421219	-0.0115965
950_951	-0.0313999	0.0187873	0	66	-0.00778057	0.0137377	0.000909429	0.0161147	0.019022	0.00657666
941_942	-0.0329498	0.0139352	1	68	-0.000120374	0.0246368	-0.00252229	-0.00439038	0.0335613	-0.0211443
942_943	-0.0176369	0.0588445	1	64	-0.0133685	-0.00628168	-0.000238876	0.045705	0.0165983	0.00745608
955_956	-0.0357968	-0.00136009	0	44	-0.00647366	-0.00375795	-0.00688314	-0.0182809	0.0348404	0.00109242
961_962	-0.0393249	-0.0317051	1	62	-0.0183058	0.0178485	0.00466837	0.00421915	0.0154979	-0.00263941
951_952	-0.0289568	0.027072	1	20	-0.0256979	-0.00650318	0.0263312	-0.0133117	-0.00682141	0.0106177
960_961	-0.038559	-0.0223325	1	73	-0.0473632	-0.253286	-0.168057	0.0850644	0.0509039	0.035316
957_958	-0.0371239	-0.0130667	0	27	0.0166996	0.00678329	-0.0109519	-0.0241724	-0.00589281	0.0301145
952_953	-0.0164601	0.0622748	0	73	-0.0151797	0.00612567	-0.0196861	0.0155907	0.00842963	-0.0406666
959_960	-0.035633	0.00133092	1	19	-0.000111333	-0.00936885	0.00434878	-0.0210976	0.00594308	-0.0258303
962_963	-0.041451	-0.0523742	0	57	-0.0227776	0.0152856	-0.0112459	0.0113397	-0.0225049	-0.00533435
956_957	-0.0310041	0.0183613	0	45	-0.018896	-0.00834329	0.0312053	0.015667	0.0226165	0.0504523
954_955	-0.0331691	0.0137908	0	31	-0.00226918	0.0069297	-0.00929337	0.00909784	0.0160479	-0.0114078
953_954	-0.032635	0.0149381	0	65	-0.00034263	0.0187188	0.0332091	0.0213157	-0.0123553	-0.00720328
958_959	-0.0398859	-0.0342145	1	78	-0.0476528	-0.361679	-0.175751	0.0873783	0.0548639	0.0149621
476_477	-0.0380111	-0.0197477	0	53	-0.00764244	0.0250109	0.00584413	0.00412606	0.0260502	-0.0233299
475_476	-0.0351154	0.00194036	0	36	-0.00314849	-0.0209726	0.051164	0.000823134	-0.0383414	-0.0456132
520_521	-0.0239085	0.0489675	0	69	0.0137728	-0.0125899	0.0088396	-0.00195853	0.0329267	0.0138591
384_385	-0.03933	-0.0307239	0	61	0.0414689	-0.0204386	-0.0194018	0.0169164	0.0109024	-0.0242254
557_558	-0.0189728	0.0578821	1	64	-0.0418169	0.0110481	0.0191699	-0.0276416	-0.0389183	0.0342115
564_565	-0.0172352	0.0608474	0	80	-0.0226881	0.00611798	-0.0159066	0.0243147	-0.0139255	-0.0223425
560_561	-0.0400501	-0.0364885	0	72	-0.00866813	0.0321119	-0.00260382	0.0147068	0.0168426	-0.00242244
477_478	-0.0324931	0.00961064	1	53	-0.040158	-0.190732	0.14187	-0.225215	0.00251335	0.137102
491_492	-0.0186133	0.0557484	0	41	-0.0114597	-0.00185112	0.00735625	0.00976261	0.0142854	0.0315497
565_566	-0.0361945	-0.00854291	0	57	-0.0138005	0.0221502	0.00282245	0.00621498	-0.0231869	-0.0103023
500_501	-0.0236268	0.0422988	0	59	0.0103261	0.0208303	0.000952216	0.0015397	-0.0209439	-0.0136546
522_523										
519_520										
501_502	-0.0357293	-0.00217107	1	64	0.00475211	0.0426779	0.0136946	0.0182222	-0.000720108	0.0245377
241_242	-0.0258897	0.0397496	1	79	-0.00938743	-0.00852126	-0.0367279	0.0392473	-0.00282339	0.0309519
192_193	-0.0332555	0.0110829	1	58	-0.0116138	0.0619801	-0.0102324	0.00903129	-0.0508181	0.017882
203_204	-0.0241097	0.0466951	0	59	0.00679718	0.0476683	0.0115004	-0.00814337	0.0383113	-0.0218067
198_199	-0.029215	0.0315876	1	27	-0.0224949	-0.0374937	-0.0386848	0.0201238	0.0224305	0.0399342
240_241	-0.0204043	0.0571783	1	68	0.0141574	0.0150201	-0.0120528	-0.0096658	0.00882879	0.00601102
196_197	-0.0389111	-0.0306469	0	72	0.00425462	0.0148238	-0.00435326	0.00681378	0.000786852	0.00970005
197_198	-0.0282628	0.0360137	0	60	-0.0148992	0.00691174	0.00509956	0.0125666	0.000922962	0.0441173
204_205	-0.0191015	0.0548664	0	60	-0.0176251	0.00453971	-0.0368697	0.00844426	-0.00172592	0.019765
194_195	-0.0278445	0.0328839	1	46	0.00423568	0.0162908	0.033143	-0.0148014	0.00685224	0.00915663
202_203	-0.0187079	0.0563779	1	49	0.011535	0.00310846	-0.000229006	-0.0113031	0.0110295	0.0503113
201_202	-0.0311454	0.0180941	0	39	-0.00907512	-0.0173449	0.00425671	0.0310001	-0.00999918	0.0136926
200_201										
199_200										
193_194										
729_730	-0.0307905	0.0220588	0	46	-0.0280722	-0.00835566	-0.0297643	0.00779256	0.00876875	0.00933586
744_745										
742_743	-0.0250244	0.042527	1	32	0.00391526	0.0330954	-0.035098	0.00673128	0.113382	-0.0221246
745_746	-0.0214849	0.0463956	0	72	-0.00914491	0.00744405	-0.00503908	0.001113	0.00433712	0.00920571
839_840	-0.0283867	0.0346163	1	72	0.012146	-0.0242586	-0.0139854	-0.0430824	0.0107572	0.0133836
983_984	-0.0276766	0.0353593	1	62	-0.00536361	-0.00509725	-0.00462043	-0.00354402	-0.0198645	-0.0206927
730_731	-0.036578	-0.011434	0	71	0.0673748	-0.00168036	-0.00344097	-0.0225877	-0.000695003	0.0341688
748_749	-0.035996	-0.00436327	0	48	0.0100233	0.01565	-0.0113782	-0.0240221	0.0408844	0.0188803
746_747	-0.0382282	-0.0226257	1	81	-0.0220842	-0.00265473	-0.0159319	-0.0178438	-0.0176761	-0.0294798
747_748	-0.022318	0.0497978	1	48	0.0130182	-0.0172637	0.00438294	0.00387313	0.0244282	-0.00686144
733_734	-0.0176385	0.0582732	1	82	0.00650944	0.00292402	-0.00946431	0.026505	-0.034797	0.000218444
818_819	-0.0181823	0.056642	0	89	0.00820509	0.00847279	-0.00488787	-0.00344225	-0.00956737	0.0195149
984_985	-0.0325515	-0.0014255	1	60	0.0241634	0.0320721	0.0368989	0.00724953	0.00108308	-0.0257531
749_750	-0.0262639	0.0338613	1	79	-0.0211422	0.0261306	-0.00334136	0.0151626	0.0177596	-0.0214401
750_751	-0.0322611	0.0102031	1	75	0.00728632	0.0127371	0.0201635	0.0171097	-0.0301583	0.0127912
800_801	-0.0326651	0.0120999	1	37	0.00446122	0.0107219	0.0101803	-0.0152873	-0.00258693	0.00223639
799_800	-0.0400617	-0.0397565	0	70	-0.00667919	0.0133747	-0.0168246	-0.0179666	0.000502397	0.00447005
795_796	-0.0343996	0.00159138	1	73	-0.00989019	-0.00662105	-0.0265164	0.0133432	0.00108772	0.024923
814_815	-0.0348144	-0.00304636	1	79	0.0201764	-0.0185469	-0.0201748	-0.000562699	0.018838	-0.00057705
797_798	-0.0280567	0.0335272	1	75	-0.00151274	0.0140841	0.00242784	-0.00484762	0.00399107	-0.000691137
815_816	-0.0381677	-0.0234563	0	72	-0.00206985	0.000197137	-0.0150108	0.00247781	0.0197774	-0.0156184
794_795	-0.0299495	0.0232138	0	39	0.0184562	0.00115078	0.00506993	-0.014293	-0.0191119	-0.0127223
821_822	-0.0391104	-0.0262174	0	90	0.0346567	-0.00193104	-0.00639769	-0.0400473	0.0116662	0.0176215
796_797	-0.0398302	-0.0354886	0	64	-0.00760905	0.0100439	-0.0295563	0.0118977	0.0148814	0.0219831
840_841	-0.0277989	0.0364668	1	75	-0.0124014	0.024484	-0.00508139	0.039308	-0.00622257	0.00385601
801_802	-0.0297292	0.0276908	1	76	0.109665	-0.0148304	0.0293696	-0.0109131	-0.0153288	-0.0259682
798_799	-0.0264297	0.0369267	0	60	-0.0345188	0.00683027	-0.0408118	-0.0356298	-0.0470184	0.0402975
822_823	-0.0282987	0.032428	1	86	-0.00737932	0.019147	-0.0286531	0.000502748	-0.0192079	-0.0159881
